1	6
2	6
3	6
4	6
5	6
6	6
7	6
8	6
9	6
10	6
11	6
12	6
13	6
14	6
15	6
16	6
17	6
18	6
19	6
20	6
21	6
22	6
23	6
24	6
25	6
26	6
27	6
28	6
29	6
30	6
31	6
32	6
33	6
34	6
35	6
36	6
37	6
38	6
39	6
40	6
41	6
42	6
43	6
44	6
45	6
46	6
47	6
48	6
49	6
50	6
51	6
52	6
53	6
54	6
55	6
56	6
57	6
58	6
59	6
60	6
61	6
62	6
63	6
64	6
65	6
66	6
67	6
68	6
69	6
70	6
71	6
72	6
73	6
74	6
75	6
76	6
77	6
78	6
79	6
80	6
81	6
82	6
83	6
84	6
85	6
86	6
87	6
88	6
89	6
90	6
91	6
92	6
93	6
94	6
95	6
96	8
97	6
98	6
99	6
100	6
101	6
102	6
103	6
104	6
105	6
106	6
107	6
108	6
109	6
110	8
111	6
112	6
113	6
114	6
115	6
116	6
117	6
118	6
119	6
120	6
121	6
122	6
123	6
124	6
125	6
126	6
127	6
128	6
129	6
130	8
131	6
132	6
133	6
134	6
135	6
136	6
137	6
138	6
139	6
140	6
141	6
142	6
143	6
144	6
145	6
146	6
147	6
148	6
149	6
150	6
151	8
152	8
153	8
154	8
155	8
156	8
157	8
158	8
159	8
160	8
161	8
162	8
163	8
164	8
165	8
166	8
167	8
168	8
169	8
170	8
171	8
172	8
173	8
174	8
175	8
176	8
177	8
178	8
179	8
180	8
181	8
182	8
183	8
184	8
185	8
186	8
187	8
188	8
189	8
190	8
191	8
192	8
193	8
194	8
195	8
196	8
197	8
198	8
199	8
200	8
201	8
202	8
203	8
204	8
205	8
206	8
207	8
208	8
209	8
210	8
211	8
212	8
213	8
214	8
215	8
216	8
217	8
218	8
219	8
220	8
221	8
222	8
223	8
224	8
225	8
226	8
227	8
228	8
229	8
230	8
231	8
232	8
233	8
234	8
235	8
236	8
237	8
238	8
239	8
240	8
241	8
242	8
243	8
244	8
245	8
246	8
247	8
248	8
249	8
250	8
251	8
252	8
253	8
254	8
255	8
256	8
257	8
258	8
259	8
260	8
261	8
262	8
263	8
264	8
265	8
266	8
267	8
268	8
269	8
270	8
271	8
272	8
273	8
274	8
275	8
276	8
277	8
278	8
279	8
280	8
281	8
282	8
283	8
284	8
285	8
286	8
287	8
288	8
289	8
290	8
291	8
292	8
293	8
294	8
295	8
296	8
297	8
298	8
299	8
300	8
301	2
302	2
303	3
304	2
305	2
306	2
307	2
308	2
309	2
310	2
311	2
312	2
313	2
314	2
315	2
316	2
317	2
318	2
319	2
320	2
321	2
322	2
323	2
324	2
325	2
326	2
327	3
328	2
329	2
330	2
331	2
332	2
333	2
334	2
335	2
336	2
337	2
338	2
339	2
340	2
341	2
342	2
343	2
344	2
345	3
346	2
347	2
348	2
349	2
350	2
351	2
352	2
353	2
354	2
355	2
356	2
357	2
358	2
359	2
360	2
361	2
362	2
363	2
364	2
365	2
366	2
367	2
368	2
369	2
370	2
371	2
372	2
373	2
374	2
375	2
376	2
377	2
378	2
379	2
380	2
381	2
382	2
383	2
384	2
385	2
386	2
387	2
388	2
389	2
390	3
391	2
392	2
393	2
394	2
395	2
396	2
397	2
398	2
399	2
400	2
401	2
402	2
403	2
404	2
405	2
406	2
407	2
408	2
409	2
410	2
411	2
412	2
413	2
414	2
415	2
416	2
417	2
418	2
419	2
420	2
421	2
422	2
423	2
424	2
425	2
426	2
427	2
428	2
429	2
430	2
431	2
432	2
433	2
434	2
435	2
436	2
437	2
438	2
439	2
440	2
441	2
442	2
443	2
444	2
445	2
446	2
447	2
448	2
449	2
450	2
451	3
452	3
453	3
454	3
455	3
456	3
457	3
458	2
459	3
460	3
461	3
462	3
463	3
464	3
465	3
466	3
467	3
468	3
469	3
470	3
471	3
472	2
473	3
474	3
475	3
476	3
477	3
478	3
479	3
480	3
481	3
482	3
483	3
484	3
485	3
486	3
487	3
488	3
489	3
490	3
491	3
492	3
493	3
494	3
495	3
496	3
497	3
498	3
499	3
500	3
501	3
502	3
503	3
504	3
505	3
506	3
507	3
508	3
509	3
510	3
511	3
512	3
513	3
514	3
515	3
516	3
517	3
518	3
519	3
520	3
521	3
522	3
523	3
524	3
525	3
526	3
527	3
528	3
529	3
530	3
531	3
532	3
533	3
534	3
535	3
536	3
537	3
538	3
539	3
540	3
541	3
542	3
543	3
544	3
545	3
546	3
547	3
548	3
549	3
550	3
551	3
552	3
553	3
554	3
555	3
556	3
557	3
558	3
559	3
560	3
561	3
562	3
563	3
564	3
565	3
566	3
567	3
568	3
569	3
570	3
571	3
572	3
573	3
574	3
575	3
576	3
577	3
578	3
579	3
580	2
581	3
582	3
583	3
584	3
585	3
586	3
587	3
588	3
589	3
590	3
591	3
592	3
593	3
594	3
595	3
596	3
597	3
598	3
599	3
600	3
601	11
602	11
603	11
604	11
605	11
606	11
607	11
608	11
609	11
610	11
611	11
612	11
613	11
614	11
615	11
616	11
617	11
618	11
619	11
620	11
621	11
622	11
623	11
624	11
625	11
626	11
627	11
628	11
629	11
630	11
631	11
632	11
633	11
634	11
635	11
636	11
637	11
638	11
639	11
640	11
641	11
642	11
643	11
644	11
645	11
646	11
647	11
648	11
649	11
650	11
651	11
652	11
653	11
654	11
655	11
656	11
657	11
658	11
659	11
660	11
661	11
662	11
663	11
664	11
665	11
666	11
667	11
668	11
669	11
670	11
671	11
672	11
673	11
674	11
675	11
676	11
677	11
678	11
679	11
680	11
681	11
682	11
683	11
684	11
685	11
686	11
687	11
688	11
689	11
690	11
691	11
692	11
693	11
694	11
695	11
696	11
697	11
698	11
699	11
700	11
701	11
702	11
703	11
704	11
705	11
706	11
707	11
708	11
709	11
710	11
711	11
712	11
713	11
714	11
715	11
716	11
717	11
718	11
719	11
720	11
721	11
722	11
723	11
724	11
725	11
726	11
727	11
728	11
729	11
730	11
731	11
732	11
733	11
734	11
735	11
736	11
737	15
738	15
739	11
740	11
741	11
742	11
743	11
744	11
745	11
746	11
747	11
748	11
749	11
750	11
751	15
752	15
753	15
754	15
755	15
756	15
757	15
758	15
759	15
760	15
761	15
762	15
763	15
764	15
765	15
766	15
767	15
768	15
769	15
770	15
771	15
772	15
773	15
774	15
775	15
776	15
777	15
778	15
779	15
780	15
781	15
782	15
783	15
784	15
785	15
786	15
787	15
788	11
789	15
790	15
791	15
792	15
793	15
794	15
795	15
796	15
797	15
798	15
799	15
800	15
801	15
802	15
803	15
804	15
805	15
806	15
807	15
808	15
809	15
810	17
811	15
812	15
813	15
814	15
815	15
816	15
817	15
818	15
819	15
820	15
821	15
822	15
823	15
824	15
825	15
826	15
827	11
828	15
829	15
830	15
831	15
832	15
833	15
834	15
835	15
836	15
837	15
838	17
839	15
840	15
841	15
842	15
843	15
844	15
845	15
846	15
847	15
848	15
849	15
850	15
851	15
852	15
853	15
854	15
855	15
856	15
857	15
858	15
859	17
860	15
861	15
862	15
863	15
864	15
865	15
866	15
867	15
868	15
869	15
870	15
871	15
872	15
873	15
874	15
875	15
876	11
877	15
878	15
879	15
880	15
881	15
882	15
883	15
884	15
885	15
886	15
887	15
888	15
889	15
890	15
891	15
892	15
893	15
894	15
895	15
896	15
897	15
898	15
899	15
900	15
901	17
902	17
903	17
904	17
905	17
906	17
907	17
908	17
909	17
910	17
911	17
912	17
913	17
914	17
915	17
916	17
917	17
918	17
919	17
920	17
921	17
922	17
923	17
924	17
925	17
926	17
927	17
928	17
929	17
930	17
931	17
932	17
933	17
934	17
935	17
936	17
937	17
938	17
939	17
940	17
941	17
942	17
943	17
944	17
945	17
946	17
947	17
948	15
949	17
950	17
951	17
952	17
953	17
954	17
955	17
956	17
957	17
958	17
959	17
960	17
961	17
962	17
963	17
964	17
965	17
966	17
967	17
968	17
969	17
970	17
971	17
972	17
973	17
974	17
975	17
976	17
977	17
978	17
979	17
980	17
981	17
982	17
983	17
984	17
985	17
986	17
987	17
988	17
989	17
990	17
991	17
992	17
993	17
994	17
995	17
996	17
997	17
998	17
999	17
1000	17
1001	17
1002	17
1003	17
1004	19
1005	17
1006	17
1007	17
1008	17
1009	17
1010	17
1011	17
1012	17
1013	17
1014	17
1015	17
1016	17
1017	17
1018	17
1019	17
1020	17
1021	17
1022	17
1023	17
1024	17
1025	17
1026	17
1027	17
1028	17
1029	17
1030	17
1031	17
1032	17
1033	17
1034	17
1035	17
1036	17
1037	17
1038	17
1039	17
1040	17
1041	17
1042	17
1043	15
1044	17
1045	17
1046	17
1047	17
1048	17
1049	17
1050	17
1051	19
1052	19
1053	19
1054	19
1055	19
1056	19
1057	17
1058	19
1059	19
1060	19
1061	19
1062	19
1063	19
1064	19
1065	19
1066	19
1067	19
1068	19
1069	19
1070	19
1071	19
1072	19
1073	19
1074	19
1075	19
1076	19
1077	19
1078	19
1079	19
1080	15
1081	19
1082	19
1083	19
1084	19
1085	19
1086	19
1087	19
1088	19
1089	19
1090	19
1091	19
1092	19
1093	19
1094	19
1095	19
1096	19
1097	19
1098	19
1099	19
1100	19
1101	19
1102	19
1103	19
1104	19
1105	19
1106	19
1107	19
1108	19
1109	19
1110	19
1111	19
1112	19
1113	19
1114	19
1115	19
1116	19
1117	19
1118	19
1119	19
1120	19
1121	19
1122	19
1123	19
1124	19
1125	19
1126	19
1127	19
1128	19
1129	19
1130	19
1131	19
1132	19
1133	19
1134	19
1135	19
1136	19
1137	19
1138	19
1139	19
1140	19
1141	19
1142	19
1143	19
1144	19
1145	19
1146	19
1147	19
1148	19
1149	19
1150	19
1151	19
1152	19
1153	19
1154	19
1155	19
1156	19
1157	19
1158	19
1159	19
1160	19
1161	19
1162	19
1163	19
1164	19
1165	19
1166	19
1167	19
1168	19
1169	19
1170	19
1171	17
1172	19
1173	19
1174	19
1175	19
1176	19
1177	19
1178	19
1179	19
1180	19
1181	19
1182	19
1183	17
1184	19
1185	19
1186	19
1187	19
1188	19
1189	19
1190	19
1191	19
1192	19
1193	19
1194	19
1195	19
1196	19
1197	19
1198	19
1199	19
1200	19
1201	23
1202	23
1203	23
1204	23
1205	23
1206	23
1207	23
1208	23
1209	23
1210	23
1211	23
1212	23
1213	23
1214	23
1215	23
1216	23
1217	23
1218	23
1219	23
1220	23
1221	23
1222	23
1223	23
1224	23
1225	23
1226	23
1227	23
1228	23
1229	23
1230	23
1231	23
1232	23
1233	23
1234	23
1235	23
1236	23
1237	23
1238	23
1239	23
1240	23
1241	23
1242	23
1243	23
1244	23
1245	23
1246	23
1247	23
1248	23
1249	23
1250	23
1251	23
1252	23
1253	23
1254	23
1255	23
1256	23
1257	23
1258	23
1259	23
1260	23
1261	23
1262	23
1263	23
1264	23
1265	23
1266	23
1267	23
1268	23
1269	23
1270	23
1271	23
1272	23
1273	23
1274	23
1275	23
1276	23
1277	23
1278	23
1279	23
1280	23
1281	23
1282	23
1283	23
1284	23
1285	23
1286	23
1287	23
1288	23
1289	23
1290	23
1291	23
1292	23
1293	23
1294	23
1295	23
1296	23
1297	23
1298	23
1299	23
1300	23
1301	23
1302	23
1303	23
1304	23
1305	23
1306	23
1307	23
1308	23
1309	23
1310	23
1311	23
1312	23
1313	23
1314	23
1315	23
1316	23
1317	19
1318	23
1319	23
1320	23
1321	23
1322	23
1323	23
1324	23
1325	23
1326	23
1327	23
1328	23
1329	23
1330	23
1331	23
1332	23
1333	23
1334	19
1335	23
1336	23
1337	23
1338	23
1339	23
1340	23
1341	23
1342	23
1343	23
1344	23
1345	23
1346	23
1347	23
1348	23
1349	23
1350	23
1351	5
1352	5
1353	5
1354	5
1355	5
1356	5
1357	5
1358	5
1359	5
1360	5
1361	5
1362	6
1363	5
1364	5
1365	5
1366	5
1367	5
1368	5
1369	5
1370	5
1371	5
1372	5
1373	5
1374	5
1375	5
1376	5
1377	5
1378	5
1379	5
1380	5
1381	5
1382	5
1383	5
1384	5
1385	5
1386	5
1387	5
1388	5
1389	5
1390	5
1391	5
1392	5
1393	5
1394	5
1395	5
1396	5
1397	5
1398	5
1399	5
1400	5
1401	5
1402	5
1403	5
1404	5
1405	5
1406	5
1407	5
1408	5
1409	5
1410	5
1411	5
1412	5
1413	5
1414	5
1415	5
1416	5
1417	5
1418	5
1419	5
1420	5
1421	5
1422	5
1423	5
1424	5
1425	5
1426	5
1427	5
1428	5
1429	5
1430	5
1431	5
1432	5
1433	5
1434	5
1435	5
1436	5
1437	5
1438	5
1439	5
1440	5
1441	5
1442	5
1443	5
1444	5
1445	5
1446	5
1447	5
1448	5
1449	5
1450	5
1451	5
1452	5
1453	5
1454	5
1455	5
1456	5
1457	5
1458	5
1459	5
1460	5
1461	5
1462	5
1463	5
1464	5
1465	5
1466	5
1467	5
1468	5
1469	5
1470	5
1471	5
1472	5
1473	5
1474	5
1475	5
1476	5
1477	5
1478	5
1479	5
1480	5
1481	5
1482	5
1483	5
1484	5
1485	5
1486	5
1487	5
1488	5
1489	5
1490	5
1491	5
1492	5
1493	5
1494	5
1495	5
1496	5
1497	5
1498	5
1499	5
1500	5
1501	4
1502	4
1503	4
1504	4
1505	4
1506	4
1507	4
1508	4
1509	4
1510	4
1511	4
1512	4
1513	4
1514	4
1515	4
1516	4
1517	4
1518	4
1519	4
1520	4
1521	4
1522	4
1523	4
1524	4
1525	4
1526	4
1527	4
1528	4
1529	4
1530	4
1531	4
1532	4
1533	4
1534	4
1535	4
1536	4
1537	4
1538	4
1539	4
1540	4
1541	4
1542	4
1543	4
1544	4
1545	4
1546	4
1547	4
1548	4
1549	4
1550	4
1551	4
1552	4
1553	4
1554	4
1555	4
1556	4
1557	4
1558	4
1559	4
1560	4
1561	4
1562	4
1563	4
1564	4
1565	4
1566	4
1567	4
1568	4
1569	4
1570	4
1571	4
1572	4
1573	4
1574	4
1575	4
1576	4
1577	4
1578	4
1579	4
1580	4
1581	4
1582	4
1583	4
1584	4
1585	4
1586	4
1587	4
1588	4
1589	4
1590	4
1591	4
1592	4
1593	4
1594	4
1595	4
1596	4
1597	4
1598	4
1599	4
1600	4
1601	4
1602	4
1603	4
1604	4
1605	4
1606	4
1607	4
1608	4
1609	4
1610	4
1611	4
1612	4
1613	4
1614	4
1615	4
1616	4
1617	4
1618	4
1619	4
1620	4
1621	4
1622	4
1623	4
1624	4
1625	4
1626	4
1627	4
1628	4
1629	4
1630	4
1631	4
1632	4
1633	4
1634	4
1635	4
1636	4
1637	4
1638	4
1639	4
1640	4
1641	4
1642	4
1643	4
1644	4
1645	4
1646	4
1647	4
1648	4
1649	4
1650	4
1651	18
1652	18
1653	18
1654	18
1655	18
1656	18
1657	18
1658	18
1659	18
1660	18
1661	18
1662	18
1663	18
1664	18
1665	18
1666	15
1667	18
1668	18
1669	18
1670	18
1671	18
1672	18
1673	18
1674	18
1675	18
1676	18
1677	18
1678	18
1679	18
1680	18
1681	18
1682	18
1683	18
1684	18
1685	18
1686	18
1687	18
1688	18
1689	18
1690	18
1691	18
1692	18
1693	18
1694	18
1695	18
1696	18
1697	18
1698	18
1699	18
1700	18
1701	18
1702	18
1703	18
1704	18
1705	18
1706	18
1707	18
1708	18
1709	18
1710	18
1711	18
1712	18
1713	18
1714	18
1715	18
1716	18
1717	18
1718	18
1719	18
1720	18
1721	18
1722	18
1723	18
1724	18
1725	18
1726	18
1727	18
1728	18
1729	18
1730	18
1731	18
1732	18
1733	18
1734	18
1735	18
1736	18
1737	18
1738	18
1739	18
1740	18
1741	18
1742	18
1743	18
1744	18
1745	18
1746	18
1747	18
1748	18
1749	18
1750	18
1751	18
1752	18
1753	18
1754	18
1755	18
1756	18
1757	18
1758	18
1759	18
1760	18
1761	18
1762	18
1763	18
1764	18
1765	18
1766	18
1767	18
1768	18
1769	18
1770	18
1771	18
1772	18
1773	18
1774	18
1775	18
1776	18
1777	18
1778	18
1779	18
1780	18
1781	18
1782	18
1783	18
1784	18
1785	18
1786	18
1787	18
1788	18
1789	18
1790	18
1791	18
1792	18
1793	18
1794	18
1795	18
1796	18
1797	18
1798	18
1799	18
1800	18
1801	16
1802	16
1803	16
1804	16
1805	16
1806	16
1807	16
1808	16
1809	16
1810	16
1811	16
1812	16
1813	16
1814	20
1815	16
1816	16
1817	16
1818	16
1819	16
1820	16
1821	16
1822	16
1823	16
1824	16
1825	16
1826	16
1827	16
1828	16
1829	16
1830	16
1831	16
1832	16
1833	16
1834	16
1835	16
1836	16
1837	16
1838	16
1839	16
1840	16
1841	16
1842	16
1843	16
1844	16
1845	16
1846	20
1847	16
1848	16
1849	16
1850	16
1851	16
1852	16
1853	16
1854	16
1855	16
1856	16
1857	16
1858	16
1859	16
1860	16
1861	16
1862	16
1863	20
1864	16
1865	16
1866	16
1867	16
1868	16
1869	16
1870	16
1871	16
1872	16
1873	16
1874	16
1875	16
1876	16
1877	16
1878	16
1879	16
1880	16
1881	16
1882	16
1883	16
1884	16
1885	16
1886	16
1887	16
1888	16
1889	16
1890	16
1891	16
1892	16
1893	16
1894	16
1895	16
1896	16
1897	16
1898	16
1899	16
1900	16
1901	16
1902	16
1903	16
1904	16
1905	16
1906	16
1907	16
1908	16
1909	16
1910	16
1911	16
1912	16
1913	16
1914	16
1915	16
1916	16
1917	16
1918	16
1919	16
1920	16
1921	20
1922	16
1923	16
1924	16
1925	16
1926	16
1927	16
1928	16
1929	16
1930	16
1931	16
1932	16
1933	16
1934	16
1935	16
1936	16
1937	16
1938	16
1939	16
1940	16
1941	16
1942	16
1943	16
1944	16
1945	16
1946	16
1947	16
1948	16
1949	16
1950	16
1951	20
1952	20
1953	20
1954	16
1955	20
1956	20
1957	20
1958	20
1959	20
1960	20
1961	20
1962	21
1963	20
1964	20
1965	21
1966	16
1967	20
1968	20
1969	20
1970	20
1971	20
1972	20
1973	20
1974	20
1975	20
1976	20
1977	20
1978	20
1979	20
1980	20
1981	20
1982	20
1983	20
1984	20
1985	20
1986	20
1987	20
1988	20
1989	20
1990	20
1991	20
1992	20
1993	20
1994	20
1995	20
1996	21
1997	20
1998	20
1999	21
2000	20
2001	20
2002	20
2003	20
2004	20
2005	16
2006	20
2007	20
2008	20
2009	20
2010	20
2011	20
2012	20
2013	20
2014	20
2015	20
2016	20
2017	20
2018	20
2019	20
2020	20
2021	20
2022	20
2023	20
2024	21
2025	20
2026	20
2027	20
2028	20
2029	20
2030	20
2031	20
2032	20
2033	20
2034	20
2035	20
2036	20
2037	20
2038	20
2039	20
2040	20
2041	21
2042	20
2043	20
2044	21
2045	20
2046	20
2047	20
2048	20
2049	20
2050	20
2051	20
2052	20
2053	20
2054	20
2055	20
2056	20
2057	20
2058	20
2059	20
2060	20
2061	20
2062	20
2063	20
2064	20
2065	20
2066	20
2067	20
2068	20
2069	20
2070	20
2071	20
2072	20
2073	20
2074	20
2075	20
2076	20
2077	20
2078	20
2079	20
2080	20
2081	20
2082	21
2083	20
2084	20
2085	20
2086	20
2087	20
2088	20
2089	20
2090	21
2091	20
2092	20
2093	20
2094	20
2095	20
2096	20
2097	20
2098	20
2099	20
2100	20
2101	21
2102	21
2103	21
2104	21
2105	21
2106	21
2107	21
2108	21
2109	21
2110	21
2111	21
2112	21
2113	21
2114	21
2115	21
2116	21
2117	21
2118	21
2119	21
2120	21
2121	21
2122	21
2123	21
2124	21
2125	21
2126	21
2127	21
2128	21
2129	21
2130	21
2131	21
2132	21
2133	21
2134	21
2135	21
2136	21
2137	21
2138	21
2139	21
2140	21
2141	20
2142	21
2143	21
2144	21
2145	21
2146	21
2147	21
2148	21
2149	21
2150	21
2151	21
2152	21
2153	21
2154	21
2155	21
2156	21
2157	21
2158	21
2159	21
2160	21
2161	21
2162	21
2163	21
2164	21
2165	21
2166	21
2167	21
2168	21
2169	21
2170	21
2171	21
2172	21
2173	21
2174	21
2175	21
2176	21
2177	21
2178	21
2179	21
2180	21
2181	21
2182	21
2183	21
2184	21
2185	21
2186	21
2187	21
2188	21
2189	21
2190	21
2191	21
2192	21
2193	21
2194	21
2195	21
2196	21
2197	21
2198	21
2199	21
2200	21
2201	21
2202	21
2203	21
2204	21
2205	21
2206	21
2207	21
2208	21
2209	21
2210	21
2211	21
2212	21
2213	21
2214	21
2215	21
2216	21
2217	21
2218	21
2219	21
2220	21
2221	21
2222	21
2223	21
2224	21
2225	21
2226	21
2227	21
2228	21
2229	21
2230	21
2231	21
2232	21
2233	21
2234	21
2235	21
2236	21
2237	21
2238	21
2239	21
2240	21
2241	21
2242	21
2243	21
2244	21
2245	21
2246	21
2247	21
2248	21
2249	21
2250	21
2251	24
2252	24
2253	24
2254	24
2255	24
2256	24
2257	24
2258	24
2259	24
2260	24
2261	24
2262	24
2263	24
2264	24
2265	24
2266	24
2267	24
2268	24
2269	24
2270	24
2271	24
2272	24
2273	24
2274	24
2275	24
2276	24
2277	24
2278	24
2279	24
2280	24
2281	24
2282	24
2283	24
2284	24
2285	24
2286	24
2287	24
2288	24
2289	24
2290	24
2291	24
2292	24
2293	24
2294	24
2295	24
2296	24
2297	24
2298	24
2299	24
2300	24
2301	24
2302	24
2303	24
2304	24
2305	24
2306	24
2307	24
2308	24
2309	24
2310	24
2311	24
2312	24
2313	24
2314	24
2315	24
2316	24
2317	24
2318	24
2319	24
2320	24
2321	24
2322	24
2323	24
2324	24
2325	24
2326	24
2327	24
2328	24
2329	24
2330	24
2331	24
2332	24
2333	24
2334	24
2335	24
2336	24
2337	24
2338	24
2339	24
2340	24
2341	24
2342	24
2343	24
2344	24
2345	24
2346	24
2347	24
2348	24
2349	24
2350	24
2351	24
2352	24
2353	24
2354	24
2355	24
2356	24
2357	24
2358	24
2359	24
2360	24
2361	24
2362	24
2363	24
2364	24
2365	24
2366	24
2367	24
2368	24
2369	24
2370	24
2371	24
2372	24
2373	24
2374	24
2375	24
2376	24
2377	24
2378	24
2379	24
2380	24
2381	24
2382	24
2383	24
2384	24
2385	24
2386	24
2387	24
2388	24
2389	24
2390	24
2391	24
2392	24
2393	24
2394	24
2395	24
2396	24
2397	24
2398	24
2399	24
2400	24
2401	26
2402	26
2403	26
2404	26
2405	26
2406	26
2407	26
2408	26
2409	26
2410	26
2411	26
2412	26
2413	26
2414	26
2415	26
2416	26
2417	26
2418	26
2419	26
2420	26
2421	26
2422	26
2423	26
2424	26
2425	26
2426	26
2427	26
2428	26
2429	26
2430	26
2431	26
2432	26
2433	26
2434	26
2435	26
2436	26
2437	26
2438	26
2439	26
2440	26
2441	26
2442	26
2443	26
2444	26
2445	26
2446	26
2447	26
2448	26
2449	26
2450	26
2451	26
2452	26
2453	26
2454	26
2455	26
2456	26
2457	26
2458	26
2459	26
2460	26
2461	26
2462	26
2463	26
2464	26
2465	26
2466	26
2467	26
2468	26
2469	26
2470	26
2471	26
2472	26
2473	26
2474	26
2475	26
2476	26
2477	26
2478	26
2479	26
2480	26
2481	26
2482	26
2483	26
2484	26
2485	26
2486	26
2487	26
2488	26
2489	26
2490	26
2491	26
2492	26
2493	26
2494	26
2495	26
2496	26
2497	26
2498	26
2499	26
2500	26
2501	26
2502	26
2503	26
2504	26
2505	26
2506	26
2507	26
2508	26
2509	26
2510	26
2511	26
2512	26
2513	26
2514	26
2515	26
2516	26
2517	26
2518	26
2519	26
2520	26
2521	26
2522	26
2523	26
2524	26
2525	26
2526	26
2527	26
2528	26
2529	26
2530	26
2531	26
2532	26
2533	26
2534	26
2535	26
2536	26
2537	26
2538	26
2539	26
2540	26
2541	26
2542	26
2543	26
2544	26
2545	26
2546	26
2547	26
2548	26
2549	26
2550	26
2551	30
2552	30
2553	30
2554	30
2555	30
2556	30
2557	30
2558	30
2559	30
2560	30
2561	30
2562	30
2563	30
2564	30
2565	30
2566	30
2567	30
2568	30
2569	30
2570	30
2571	30
2572	30
2573	30
2574	30
2575	30
2576	30
2577	30
2578	30
2579	30
2580	30
2581	30
2582	30
2583	30
2584	30
2585	30
2586	30
2587	30
2588	30
2589	30
2590	30
2591	30
2592	30
2593	30
2594	30
2595	30
2596	30
2597	30
2598	30
2599	30
2600	30
2601	30
2602	30
2603	30
2604	30
2605	30
2606	30
2607	30
2608	30
2609	30
2610	30
2611	30
2612	30
2613	30
2614	30
2615	30
2616	30
2617	30
2618	30
2619	30
2620	30
2621	30
2622	30
2623	30
2624	30
2625	30
2626	30
2627	30
2628	30
2629	30
2630	30
2631	30
2632	30
2633	30
2634	30
2635	30
2636	30
2637	30
2638	30
2639	30
2640	30
2641	30
2642	30
2643	30
2644	30
2645	30
2646	30
2647	30
2648	30
2649	30
2650	30
2651	30
2652	30
2653	30
2654	30
2655	30
2656	30
2657	30
2658	30
2659	30
2660	30
2661	30
2662	30
2663	30
2664	30
2665	30
2666	30
2667	30
2668	30
2669	30
2670	30
2671	30
2672	30
2673	30
2674	30
2675	30
2676	30
2677	30
2678	30
2679	30
2680	30
2681	30
2682	30
2683	30
2684	30
2685	30
2686	30
2687	30
2688	30
2689	30
2690	30
2691	30
2692	30
2693	30
2694	30
2695	30
2696	30
2697	30
2698	30
2699	30
2700	30
2701	34
2702	34
2703	34
2704	34
2705	34
2706	34
2707	34
2708	34
2709	34
2710	34
2711	34
2712	34
2713	30
2714	34
2715	34
2716	34
2717	34
2718	34
2719	34
2720	34
2721	34
2722	34
2723	34
2724	34
2725	34
2726	34
2727	34
2728	34
2729	34
2730	34
2731	34
2732	34
2733	34
2734	34
2735	34
2736	30
2737	34
2738	34
2739	34
2740	34
2741	34
2742	34
2743	34
2744	34
2745	34
2746	34
2747	34
2748	34
2749	34
2750	34
2751	34
2752	34
2753	34
2754	34
2755	34
2756	34
2757	34
2758	34
2759	34
2760	34
2761	34
2762	34
2763	34
2764	34
2765	34
2766	34
2767	34
2768	34
2769	34
2770	34
2771	34
2772	34
2773	34
2774	34
2775	34
2776	34
2777	34
2778	34
2779	34
2780	34
2781	34
2782	34
2783	34
2784	34
2785	34
2786	34
2787	34
2788	34
2789	34
2790	34
2791	34
2792	34
2793	34
2794	34
2795	34
2796	34
2797	34
2798	34
2799	34
2800	34
2801	34
2802	34
2803	34
2804	34
2805	34
2806	34
2807	34
2808	34
2809	34
2810	34
2811	34
2812	34
2813	34
2814	34
2815	34
2816	34
2817	34
2818	34
2819	34
2820	34
2821	34
2822	34
2823	34
2824	34
2825	34
2826	34
2827	34
2828	34
2829	34
2830	34
2831	34
2832	34
2833	34
2834	34
2835	34
2836	34
2837	34
2838	34
2839	34
2840	34
2841	34
2842	34
2843	34
2844	34
2845	34
2846	34
2847	34
2848	34
2849	34
2850	34
2851	29
2852	29
2853	29
2854	29
2855	29
2856	29
2857	29
2858	29
2859	29
2860	29
2861	29
2862	29
2863	29
2864	29
2865	29
2866	29
2867	29
2868	29
2869	29
2870	29
2871	29
2872	29
2873	29
2874	29
2875	29
2876	29
2877	29
2878	29
2879	29
2880	29
2881	29
2882	29
2883	29
2884	29
2885	29
2886	29
2887	29
2888	29
2889	29
2890	29
2891	29
2892	29
2893	29
2894	29
2895	29
2896	29
2897	29
2898	29
2899	29
2900	29
2901	29
2902	29
2903	29
2904	29
2905	29
2906	29
2907	29
2908	29
2909	29
2910	29
2911	29
2912	29
2913	29
2914	29
2915	29
2916	29
2917	29
2918	29
2919	29
2920	29
2921	29
2922	29
2923	29
2924	29
2925	29
2926	29
2927	29
2928	29
2929	29
2930	29
2931	29
2932	29
2933	29
2934	29
2935	29
2936	29
2937	29
2938	29
2939	29
2940	29
2941	29
2942	29
2943	29
2944	29
2945	29
2946	29
2947	29
2948	29
2949	29
2950	29
2951	29
2952	29
2953	29
2954	29
2955	29
2956	29
2957	29
2958	29
2959	29
2960	29
2961	29
2962	29
2963	29
2964	29
2965	29
2966	29
2967	29
2968	29
2969	29
2970	29
2971	29
2972	29
2973	29
2974	29
2975	29
2976	29
2977	29
2978	29
2979	29
2980	29
2981	29
2982	29
2983	29
2984	29
2985	29
2986	29
2987	29
2988	29
2989	29
2990	29
2991	29
2992	29
2993	29
2994	29
2995	29
2996	29
2997	29
2998	29
2999	29
3000	29
3001	13
3002	13
3003	13
3004	13
3005	13
3006	13
3007	13
3008	13
3009	13
3010	13
3011	13
3012	13
3013	13
3014	13
3015	13
3016	13
3017	13
3018	13
3019	13
3020	13
3021	13
3022	13
3023	13
3024	13
3025	13
3026	13
3027	13
3028	13
3029	13
3030	13
3031	13
3032	13
3033	13
3034	13
3035	13
3036	13
3037	13
3038	13
3039	13
3040	13
3041	9
3042	13
3043	13
3044	13
3045	13
3046	13
3047	13
3048	13
3049	13
3050	13
3051	13
3052	13
3053	13
3054	13
3055	13
3056	13
3057	13
3058	13
3059	13
3060	13
3061	13
3062	13
3063	13
3064	13
3065	13
3066	13
3067	13
3068	13
3069	9
3070	13
3071	13
3072	9
3073	13
3074	13
3075	13
3076	13
3077	13
3078	13
3079	13
3080	13
3081	13
3082	13
3083	13
3084	9
3085	13
3086	13
3087	13
3088	13
3089	13
3090	13
3091	13
3092	13
3093	9
3094	13
3095	13
3096	13
3097	13
3098	13
3099	13
3100	13
3101	13
3102	13
3103	13
3104	13
3105	13
3106	13
3107	13
3108	13
3109	13
3110	13
3111	13
3112	13
3113	13
3114	13
3115	13
3116	13
3117	13
3118	13
3119	13
3120	13
3121	9
3122	13
3123	13
3124	13
3125	13
3126	13
3127	13
3128	13
3129	13
3130	13
3131	13
3132	13
3133	13
3134	13
3135	13
3136	13
3137	13
3138	13
3139	13
3140	13
3141	13
3142	13
3143	13
3144	13
3145	13
3146	13
3147	13
3148	13
3149	13
3150	13
3151	9
3152	9
3153	9
3154	9
3155	9
3156	9
3157	9
3158	9
3159	9
3160	9
3161	9
3162	9
3163	9
3164	9
3165	9
3166	9
3167	9
3168	9
3169	9
3170	9
3171	9
3172	9
3173	9
3174	9
3175	9
3176	9
3177	9
3178	9
3179	9
3180	9
3181	9
3182	9
3183	9
3184	9
3185	9
3186	13
3187	9
3188	9
3189	9
3190	9
3191	9
3192	9
3193	9
3194	9
3195	9
3196	9
3197	9
3198	9
3199	9
3200	9
3201	9
3202	9
3203	9
3204	9
3205	9
3206	9
3207	9
3208	9
3209	9
3210	9
3211	9
3212	9
3213	9
3214	9
3215	9
3216	9
3217	9
3218	9
3219	9
3220	9
3221	9
3222	9
3223	9
3224	9
3225	9
3226	9
3227	9
3228	9
3229	9
3230	9
3231	9
3232	9
3233	9
3234	9
3235	9
3236	9
3237	9
3238	9
3239	9
3240	9
3241	9
3242	9
3243	9
3244	9
3245	9
3246	9
3247	9
3248	9
3249	9
3250	9
3251	9
3252	9
3253	9
3254	9
3255	9
3256	9
3257	9
3258	9
3259	9
3260	9
3261	9
3262	9
3263	9
3264	9
3265	9
3266	9
3267	9
3268	9
3269	9
3270	9
3271	9
3272	9
3273	9
3274	9
3275	9
3276	9
3277	9
3278	9
3279	9
3280	9
3281	9
3282	9
3283	9
3284	9
3285	9
3286	9
3287	9
3288	9
3289	9
3290	9
3291	9
3292	9
3293	9
3294	9
3295	9
3296	9
3297	9
3298	9
3299	9
3300	9
3301	28
3302	28
3303	28
3304	28
3305	28
3306	28
3307	28
3308	28
3309	28
3310	28
3311	28
3312	28
3313	28
3314	28
3315	28
3316	27
3317	28
3318	28
3319	28
3320	28
3321	28
3322	28
3323	28
3324	28
3325	28
3326	28
3327	28
3328	28
3329	28
3330	28
3331	28
3332	28
3333	28
3334	28
3335	28
3336	28
3337	28
3338	28
3339	28
3340	28
3341	28
3342	28
3343	28
3344	28
3345	28
3346	28
3347	28
3348	28
3349	28
3350	28
3351	28
3352	27
3353	28
3354	28
3355	28
3356	28
3357	28
3358	28
3359	28
3360	28
3361	28
3362	28
3363	28
3364	28
3365	28
3366	28
3367	28
3368	28
3369	28
3370	28
3371	28
3372	28
3373	28
3374	28
3375	28
3376	28
3377	28
3378	28
3379	28
3380	28
3381	28
3382	28
3383	28
3384	28
3385	28
3386	28
3387	28
3388	28
3389	28
3390	28
3391	27
3392	28
3393	28
3394	28
3395	28
3396	28
3397	28
3398	28
3399	28
3400	28
3401	28
3402	28
3403	28
3404	28
3405	28
3406	28
3407	28
3408	28
3409	28
3410	28
3411	28
3412	28
3413	28
3414	28
3415	28
3416	28
3417	28
3418	28
3419	28
3420	28
3421	28
3422	28
3423	28
3424	28
3425	28
3426	28
3427	28
3428	28
3429	28
3430	28
3431	28
3432	28
3433	28
3434	28
3435	28
3436	28
3437	28
3438	28
3439	28
3440	28
3441	28
3442	28
3443	28
3444	28
3445	28
3446	28
3447	28
3448	28
3449	31
3450	28
3451	28
3452	27
3453	27
3454	27
3455	27
3456	27
3457	27
3458	27
3459	27
3460	27
3461	27
3462	28
3463	27
3464	27
3465	27
3466	27
3467	27
3468	27
3469	27
3470	27
3471	27
3472	27
3473	27
3474	27
3475	27
3476	27
3477	27
3478	27
3479	27
3480	27
3481	27
3482	27
3483	27
3484	27
3485	27
3486	27
3487	27
3488	27
3489	27
3490	27
3491	27
3492	27
3493	27
3494	27
3495	27
3496	27
3497	27
3498	27
3499	27
3500	27
3501	27
3502	27
3503	27
3504	31
3505	27
3506	27
3507	27
3508	27
3509	27
3510	27
3511	27
3512	27
3513	27
3514	27
3515	27
3516	27
3517	27
3518	27
3519	27
3520	27
3521	27
3522	27
3523	27
3524	27
3525	27
3526	27
3527	27
3528	31
3529	27
3530	27
3531	27
3532	27
3533	27
3534	27
3535	27
3536	27
3537	27
3538	27
3539	27
3540	27
3541	27
3542	27
3543	27
3544	27
3545	27
3546	27
3547	27
3548	27
3549	27
3550	27
3551	27
3552	27
3553	27
3554	27
3555	27
3556	27
3557	27
3558	27
3559	27
3560	28
3561	27
3562	27
3563	27
3564	27
3565	27
3566	27
3567	27
3568	27
3569	27
3570	31
3571	27
3572	27
3573	27
3574	27
3575	27
3576	27
3577	27
3578	27
3579	27
3580	31
3581	27
3582	27
3583	27
3584	27
3585	27
3586	27
3587	27
3588	27
3589	27
3590	27
3591	27
3592	27
3593	27
3594	27
3595	27
3596	27
3597	27
3598	27
3599	27
3600	27
3601	31
3602	31
3603	31
3604	31
3605	31
3606	31
3607	31
3608	31
3609	31
3610	31
3611	31
3612	31
3613	31
3614	31
3615	28
3616	31
3617	31
3618	31
3619	31
3620	31
3621	31
3622	31
3623	31
3624	31
3625	31
3626	31
3627	31
3628	31
3629	31
3630	31
3631	31
3632	31
3633	31
3634	31
3635	31
3636	31
3637	31
3638	31
3639	31
3640	31
3641	31
3642	31
3643	31
3644	31
3645	31
3646	31
3647	31
3648	31
3649	31
3650	31
3651	27
3652	27
3653	31
3654	31
3655	27
3656	31
3657	28
3658	31
3659	31
3660	31
3661	31
3662	31
3663	31
3664	31
3665	31
3666	31
3667	31
3668	31
3669	31
3670	31
3671	31
3672	31
3673	31
3674	31
3675	31
3676	31
3677	31
3678	31
3679	31
3680	31
3681	31
3682	31
3683	31
3684	31
3685	31
3686	31
3687	31
3688	31
3689	31
3690	31
3691	31
3692	31
3693	31
3694	31
3695	31
3696	31
3697	31
3698	31
3699	31
3700	31
3701	31
3702	31
3703	31
3704	31
3705	31
3706	31
3707	31
3708	31
3709	31
3710	31
3711	31
3712	31
3713	31
3714	31
3715	31
3716	31
3717	31
3718	31
3719	31
3720	31
3721	27
3722	31
3723	31
3724	31
3725	31
3726	31
3727	31
3728	31
3729	31
3730	31
3731	31
3732	31
3733	31
3734	31
3735	31
3736	31
3737	31
3738	31
3739	31
3740	31
3741	31
3742	31
3743	31
3744	31
3745	31
3746	31
3747	31
3748	31
3749	31
3750	31
3751	33
3752	33
3753	33
3754	33
3755	33
3756	33
3757	33
3758	33
3759	33
3760	33
3761	33
3762	33
3763	33
3764	33
3765	33
3766	33
3767	33
3768	33
3769	33
3770	33
3771	33
3772	33
3773	33
3774	33
3775	33
3776	33
3777	33
3778	33
3779	33
3780	33
3781	33
3782	33
3783	33
3784	33
3785	33
3786	33
3787	33
3788	31
3789	33
3790	33
3791	33
3792	33
3793	33
3794	33
3795	33
3796	33
3797	33
3798	33
3799	33
3800	33
3801	33
3802	33
3803	33
3804	33
3805	33
3806	33
3807	33
3808	33
3809	33
3810	33
3811	33
3812	33
3813	33
3814	33
3815	33
3816	33
3817	33
3818	33
3819	33
3820	33
3821	33
3822	33
3823	33
3824	33
3825	33
3826	33
3827	33
3828	33
3829	33
3830	33
3831	33
3832	33
3833	33
3834	33
3835	33
3836	33
3837	33
3838	33
3839	33
3840	33
3841	33
3842	33
3843	33
3844	33
3845	33
3846	33
3847	33
3848	33
3849	33
3850	33
3851	33
3852	33
3853	33
3854	33
3855	33
3856	33
3857	33
3858	33
3859	33
3860	33
3861	33
3862	33
3863	33
3864	33
3865	33
3866	33
3867	33
3868	33
3869	33
3870	33
3871	33
3872	33
3873	33
3874	33
3875	33
3876	33
3877	33
3878	33
3879	33
3880	33
3881	33
3882	33
3883	33
3884	33
3885	33
3886	33
3887	33
3888	33
3889	33
3890	33
3891	33
3892	33
3893	33
3894	33
3895	33
3896	33
3897	33
3898	33
3899	33
3900	33
3901	12
3902	12
3903	12
3904	12
3905	12
3906	12
3907	12
3908	12
3909	12
3910	12
3911	12
3912	12
3913	12
3914	12
3915	14
3916	12
3917	12
3918	12
3919	12
3920	12
3921	12
3922	12
3923	12
3924	12
3925	12
3926	12
3927	12
3928	12
3929	12
3930	12
3931	12
3932	12
3933	12
3934	12
3935	12
3936	12
3937	12
3938	12
3939	12
3940	12
3941	12
3942	12
3943	12
3944	12
3945	12
3946	12
3947	12
3948	12
3949	12
3950	12
3951	12
3952	12
3953	12
3954	12
3955	12
3956	12
3957	12
3958	12
3959	12
3960	12
3961	12
3962	12
3963	12
3964	12
3965	12
3966	12
3967	12
3968	12
3969	12
3970	12
3971	12
3972	12
3973	12
3974	12
3975	12
3976	12
3977	12
3978	12
3979	12
3980	12
3981	12
3982	12
3983	12
3984	12
3985	12
3986	12
3987	12
3988	12
3989	12
3990	12
3991	12
3992	12
3993	12
3994	12
3995	12
3996	12
3997	12
3998	12
3999	12
4000	12
4001	12
4002	12
4003	12
4004	12
4005	12
4006	12
4007	12
4008	12
4009	12
4010	12
4011	12
4012	12
4013	12
4014	12
4015	12
4016	12
4017	12
4018	12
4019	14
4020	12
4021	12
4022	12
4023	12
4024	12
4025	12
4026	12
4027	12
4028	12
4029	12
4030	12
4031	12
4032	12
4033	12
4034	12
4035	12
4036	12
4037	12
4038	12
4039	12
4040	12
4041	12
4042	12
4043	12
4044	12
4045	12
4046	12
4047	12
4048	12
4049	12
4050	12
4051	14
4052	14
4053	14
4054	14
4055	14
4056	14
4057	14
4058	14
4059	14
4060	14
4061	14
4062	14
4063	14
4064	14
4065	14
4066	14
4067	14
4068	14
4069	14
4070	14
4071	14
4072	14
4073	14
4074	14
4075	14
4076	14
4077	14
4078	14
4079	14
4080	14
4081	14
4082	14
4083	14
4084	14
4085	10
4086	14
4087	14
4088	14
4089	14
4090	14
4091	14
4092	14
4093	14
4094	14
4095	14
4096	14
4097	14
4098	14
4099	14
4100	14
4101	14
4102	14
4103	14
4104	14
4105	14
4106	14
4107	14
4108	14
4109	14
4110	14
4111	14
4112	14
4113	14
4114	14
4115	14
4116	14
4117	14
4118	14
4119	14
4120	14
4121	14
4122	14
4123	14
4124	14
4125	14
4126	14
4127	14
4128	14
4129	14
4130	14
4131	14
4132	14
4133	14
4134	14
4135	14
4136	14
4137	14
4138	14
4139	14
4140	14
4141	14
4142	14
4143	14
4144	14
4145	14
4146	14
4147	14
4148	14
4149	14
4150	14
4151	14
4152	14
4153	14
4154	14
4155	14
4156	14
4157	14
4158	14
4159	14
4160	14
4161	14
4162	14
4163	14
4164	14
4165	14
4166	14
4167	14
4168	14
4169	14
4170	14
4171	14
4172	14
4173	14
4174	14
4175	14
4176	14
4177	14
4178	14
4179	14
4180	14
4181	14
4182	14
4183	14
4184	14
4185	14
4186	14
4187	14
4188	14
4189	14
4190	14
4191	14
4192	14
4193	14
4194	14
4195	14
4196	14
4197	14
4198	14
4199	14
4200	14
4201	10
4202	10
4203	10
4204	10
4205	10
4206	10
4207	10
4208	10
4209	10
4210	10
4211	10
4212	10
4213	10
4214	10
4215	10
4216	10
4217	10
4218	10
4219	10
4220	10
4221	10
4222	14
4223	10
4224	10
4225	10
4226	10
4227	10
4228	10
4229	10
4230	10
4231	10
4232	10
4233	10
4234	10
4235	10
4236	10
4237	10
4238	10
4239	10
4240	10
4241	10
4242	10
4243	10
4244	10
4245	14
4246	10
4247	10
4248	10
4249	10
4250	10
4251	10
4252	10
4253	10
4254	10
4255	10
4256	10
4257	10
4258	10
4259	10
4260	10
4261	10
4262	10
4263	10
4264	10
4265	10
4266	10
4267	10
4268	10
4269	10
4270	10
4271	10
4272	10
4273	10
4274	10
4275	10
4276	10
4277	10
4278	10
4279	10
4280	10
4281	10
4282	10
4283	10
4284	12
4285	10
4286	10
4287	10
4288	10
4289	10
4290	10
4291	10
4292	10
4293	10
4294	10
4295	10
4296	10
4297	10
4298	10
4299	10
4300	10
4301	10
4302	10
4303	10
4304	10
4305	10
4306	10
4307	10
4308	10
4309	10
4310	10
4311	10
4312	10
4313	10
4314	10
4315	10
4316	10
4317	10
4318	14
4319	10
4320	10
4321	10
4322	10
4323	10
4324	10
4325	10
4326	10
4327	10
4328	10
4329	10
4330	10
4331	10
4332	10
4333	14
4334	10
4335	10
4336	10
4337	10
4338	10
4339	10
4340	10
4341	10
4342	10
4343	10
4344	10
4345	10
4346	10
4347	10
4348	10
4349	10
4350	10
4351	7
4352	7
4353	7
4354	7
4355	7
4356	7
4357	7
4358	7
4359	7
4360	7
4361	7
4362	7
4363	7
4364	7
4365	7
4366	7
4367	7
4368	7
4369	7
4370	7
4371	7
4372	7
4373	7
4374	7
4375	7
4376	7
4377	7
4378	7
4379	7
4380	10
4381	7
4382	7
4383	7
4384	7
4385	7
4386	7
4387	7
4388	7
4389	7
4390	7
4391	7
4392	7
4393	7
4394	7
4395	7
4396	7
4397	7
4398	7
4399	7
4400	7
4401	7
4402	7
4403	7
4404	7
4405	7
4406	7
4407	7
4408	7
4409	7
4410	7
4411	7
4412	7
4413	7
4414	7
4415	7
4416	7
4417	7
4418	7
4419	7
4420	7
4421	10
4422	7
4423	7
4424	7
4425	7
4426	7
4427	7
4428	7
4429	7
4430	7
4431	7
4432	7
4433	7
4434	7
4435	7
4436	7
4437	7
4438	7
4439	7
4440	7
4441	7
4442	7
4443	7
4444	7
4445	7
4446	7
4447	7
4448	7
4449	7
4450	7
4451	7
4452	7
4453	7
4454	7
4455	7
4456	7
4457	7
4458	7
4459	7
4460	7
4461	7
4462	7
4463	7
4464	7
4465	7
4466	7
4467	7
4468	7
4469	7
4470	7
4471	7
4472	7
4473	7
4474	7
4475	7
4476	7
4477	7
4478	7
4479	7
4480	7
4481	7
4482	7
4483	7
4484	7
4485	7
4486	7
4487	7
4488	7
4489	7
4490	7
4491	7
4492	7
4493	7
4494	7
4495	7
4496	7
4497	7
4498	7
4499	7
4500	7
4501	1
4502	1
4503	1
4504	1
4505	1
4506	1
4507	1
4508	1
4509	1
4510	1
4511	1
4512	1
4513	1
4514	1
4515	1
4516	1
4517	1
4518	1
4519	1
4520	1
4521	1
4522	1
4523	1
4524	1
4525	1
4526	1
4527	1
4528	1
4529	1
4530	1
4531	1
4532	1
4533	1
4534	1
4535	1
4536	1
4537	1
4538	1
4539	1
4540	1
4541	1
4542	1
4543	1
4544	1
4545	1
4546	1
4547	1
4548	1
4549	1
4550	1
4551	1
4552	1
4553	1
4554	1
4555	1
4556	1
4557	1
4558	1
4559	1
4560	1
4561	1
4562	1
4563	1
4564	1
4565	1
4566	1
4567	1
4568	1
4569	1
4570	1
4571	1
4572	1
4573	1
4574	1
4575	1
4576	1
4577	1
4578	1
4579	1
4580	1
4581	1
4582	1
4583	1
4584	1
4585	1
4586	1
4587	1
4588	1
4589	1
4590	1
4591	1
4592	1
4593	1
4594	1
4595	1
4596	1
4597	1
4598	1
4599	1
4600	1
4601	1
4602	1
4603	1
4604	1
4605	1
4606	1
4607	1
4608	1
4609	1
4610	1
4611	1
4612	1
4613	1
4614	1
4615	1
4616	1
4617	1
4618	1
4619	1
4620	1
4621	1
4622	1
4623	1
4624	1
4625	1
4626	1
4627	1
4628	1
4629	1
4630	1
4631	1
4632	1
4633	1
4634	1
4635	1
4636	1
4637	1
4638	1
4639	1
4640	1
4641	1
4642	1
4643	1
4644	1
4645	1
4646	1
4647	1
4648	1
4649	1
4650	1
4651	32
4652	32
4653	32
4654	32
4655	32
4656	32
4657	32
4658	32
4659	32
4660	32
4661	32
4662	32
4663	32
4664	32
4665	32
4666	32
4667	32
4668	32
4669	32
4670	32
4671	32
4672	32
4673	32
4674	32
4675	32
4676	32
4677	32
4678	32
4679	32
4680	32
4681	32
4682	32
4683	32
4684	32
4685	32
4686	32
4687	32
4688	32
4689	32
4690	32
4691	32
4692	32
4693	32
4694	32
4695	32
4696	32
4697	31
4698	32
4699	32
4700	32
4701	32
4702	32
4703	32
4704	32
4705	32
4706	32
4707	32
4708	32
4709	32
4710	32
4711	32
4712	32
4713	32
4714	32
4715	32
4716	32
4717	32
4718	32
4719	32
4720	32
4721	32
4722	32
4723	32
4724	32
4725	32
4726	32
4727	32
4728	32
4729	32
4730	32
4731	32
4732	32
4733	32
4734	32
4735	32
4736	32
4737	32
4738	32
4739	32
4740	32
4741	32
4742	32
4743	32
4744	32
4745	32
4746	32
4747	32
4748	32
4749	32
4750	32
4751	32
4752	32
4753	32
4754	32
4755	32
4756	32
4757	32
4758	32
4759	32
4760	32
4761	32
4762	32
4763	32
4764	32
4765	32
4766	32
4767	32
4768	32
4769	32
4770	32
4771	32
4772	32
4773	32
4774	32
4775	32
4776	32
4777	32
4778	32
4779	32
4780	32
4781	32
4782	32
4783	32
4784	32
4785	32
4786	32
4787	32
4788	32
4789	32
4790	32
4791	32
4792	32
4793	32
4794	32
4795	32
4796	32
4797	32
4798	32
4799	32
4800	32
4801	35
4802	35
4803	35
4804	35
4805	35
4806	35
4807	35
4808	35
4809	35
4810	35
4811	35
4812	35
4813	35
4814	35
4815	35
4816	35
4817	35
4818	35
4819	35
4820	35
4821	35
4822	35
4823	35
4824	35
4825	35
4826	35
4827	35
4828	35
4829	35
4830	35
4831	35
4832	35
4833	35
4834	35
4835	35
4836	35
4837	35
4838	35
4839	35
4840	35
4841	35
4842	35
4843	35
4844	35
4845	35
4846	35
4847	35
4848	35
4849	35
4850	35
4851	35
4852	35
4853	35
4854	35
4855	35
4856	35
4857	35
4858	35
4859	35
4860	35
4861	35
4862	35
4863	35
4864	35
4865	35
4866	35
4867	35
4868	35
4869	35
4870	35
4871	35
4872	35
4873	35
4874	35
4875	35
4876	35
4877	35
4878	35
4879	35
4880	35
4881	35
4882	35
4883	35
4884	35
4885	35
4886	35
4887	35
4888	35
4889	35
4890	35
4891	35
4892	35
4893	35
4894	35
4895	35
4896	35
4897	35
4898	35
4899	35
4900	35
4901	35
4902	35
4903	35
4904	35
4905	35
4906	35
4907	35
4908	35
4909	35
4910	35
4911	35
4912	35
4913	35
4914	35
4915	35
4916	35
4917	35
4918	35
4919	35
4920	35
4921	35
4922	35
4923	35
4924	35
4925	35
4926	35
4927	35
4928	35
4929	35
4930	35
4931	35
4932	35
4933	35
4934	35
4935	35
4936	35
4937	35
4938	35
4939	35
4940	35
4941	35
4942	35
4943	35
4944	35
4945	35
4946	35
4947	35
4948	35
4949	35
4950	35
4951	25
4952	25
4953	25
4954	25
4955	25
4956	25
4957	25
4958	25
4959	25
4960	25
4961	25
4962	25
4963	25
4964	25
4965	25
4966	25
4967	25
4968	25
4969	25
4970	25
4971	25
4972	25
4973	25
4974	25
4975	25
4976	25
4977	25
4978	25
4979	25
4980	25
4981	25
4982	25
4983	25
4984	25
4985	25
4986	25
4987	25
4988	25
4989	25
4990	25
4991	25
4992	25
4993	25
4994	25
4995	25
4996	25
4997	25
4998	25
4999	25
5000	25
5001	25
5002	25
5003	25
5004	25
5005	25
5006	25
5007	25
5008	25
5009	25
5010	25
5011	25
5012	25
5013	25
5014	25
5015	25
5016	25
5017	25
5018	25
5019	25
5020	25
5021	25
5022	25
5023	25
5024	25
5025	25
5026	25
5027	25
5028	25
5029	25
5030	25
5031	25
5032	25
5033	25
5034	25
5035	25
5036	25
5037	25
5038	25
5039	25
5040	25
5041	25
5042	25
5043	25
5044	25
5045	25
5046	25
5047	25
5048	25
5049	25
5050	25
5051	25
5052	25
5053	25
5054	25
5055	25
5056	25
5057	25
5058	25
5059	25
5060	25
5061	25
5062	25
5063	25
5064	25
5065	25
5066	25
5067	25
5068	25
5069	25
5070	25
5071	25
5072	25
5073	25
5074	25
5075	25
5076	25
5077	25
5078	25
5079	25
5080	25
5081	25
5082	25
5083	25
5084	25
5085	25
5086	25
5087	25
5088	25
5089	25
5090	25
5091	25
5092	25
5093	25
5094	25
5095	25
5096	25
5097	25
5098	25
5099	25
5100	25
5101	22
5102	22
5103	22
5104	22
5105	22
5106	22
5107	22
5108	22
5109	22
5110	22
5111	22
5112	22
5113	22
5114	22
5115	22
5116	22
5117	22
5118	22
5119	22
5120	22
5121	22
5122	22
5123	22
5124	22
5125	22
5126	22
5127	22
5128	22
5129	22
5130	22
5131	22
5132	22
5133	22
5134	22
5135	22
5136	22
5137	22
5138	22
5139	22
5140	22
5141	22
5142	22
5143	22
5144	22
5145	22
5146	22
5147	22
5148	22
5149	22
5150	22
5151	22
5152	22
5153	22
5154	22
5155	22
5156	22
5157	22
5158	22
5159	22
5160	22
5161	22
5162	22
5163	22
5164	22
5165	22
5166	22
5167	22
5168	22
5169	22
5170	22
5171	22
5172	22
5173	22
5174	22
5175	22
5176	22
5177	22
5178	22
5179	22
5180	22
5181	22
5182	22
5183	22
5184	22
5185	22
5186	22
5187	22
5188	22
5189	22
5190	22
5191	22
5192	22
5193	22
5194	22
5195	22
5196	22
5197	22
5198	22
5199	22
5200	22
5201	22
5202	22
5203	22
5204	22
5205	22
5206	22
5207	22
5208	22
5209	22
5210	22
5211	22
5212	22
5213	22
5214	22
5215	22
5216	22
5217	22
5218	22
5219	22
5220	22
5221	22
5222	22
5223	22
5224	22
5225	22
5226	22
5227	22
5228	22
5229	22
5230	22
5231	22
5232	22
5233	22
5234	22
5235	22
5236	22
5237	22
5238	22
5239	22
5240	22
5241	22
5242	22
5243	22
5244	22
5245	22
5246	22
5247	22
5248	22
5249	22
5250	22
