1	1
2	3
4	3
5	6
7	1
8	1
9	6
10	2
11	2
12	1
13	1
14	2
15	1
16	5
17	5
18	4
19	2
20	4
21	2
22	1
23	3
24	4
25	5
27	5
28	6
29	1
30	6
31	2
32	3
33	1
34	4
35	5
36	3
37	2
38	1
39	4
40	6
41	1
42	2
43	6
44	4
47	5
48	6
49	1
50	3
51	5
52	1
53	1
54	2
55	5
56	1
57	1
58	1
59	5
60	2
61	4
62	2
63	4
64	4
65	2
66	1
67	3
68	3
70	2
71	6
72	1
73	2
74	1
75	3
76	2
77	6
78	4
79	1
80	1
81	2
82	3
83	1
84	2
85	1
86	5
88	1
89	4
90	2
91	6
92	4
93	1
94	6
95	4
97	2
98	4
99	2
100	2
101	6
102	1
103	2
104	6
105	2
106	1
107	1
108	4
109	2
110	2
111	1
112	4
113	3
114	3
116	4
117	1
118	3
119	1
120	4
121	2
122	1
123	6
125	1
126	4
127	5
128	6
129	5
130	5
132	5
134	3
135	6
136	2
137	2
138	5
139	1
140	4
141	5
142	3
143	2
145	6
146	6
147	6
148	2
149	6
150	2
151	4
152	3
153	4
154	1
155	1
156	1
157	1
159	1
160	4
161	6
162	5
163	2
164	1
166	4
167	6
168	2
169	1
170	5
171	1
172	2
173	1
174	4
175	4
176	2
177	2
178	1
179	4
180	2
181	1
182	1
183	1
184	4
185	2
186	1
188	4
189	4
190	3
191	1
192	5
193	6
194	5
195	4
196	5
197	3
198	6
199	3
200	5
201	2
202	2
203	2
204	3
205	1
206	4
207	1
208	5
209	2
210	2
211	4
212	5
213	2
214	5
215	2
216	4
217	1
219	1
220	5
221	1
222	4
223	1
224	6
225	2
226	2
227	2
228	4
229	5
230	1
231	1
232	2
234	3
235	2
236	1
238	5
239	1
240	2
241	4
242	6
243	2
244	2
245	2
246	6
247	5
248	1
249	2
250	2
251	2
252	3
253	4
254	4
255	4
257	4
258	1
261	2
262	2
263	5
264	2
266	2
267	2
268	4
269	1
270	4
271	2
272	5
273	4
274	2
275	2
276	4
277	4
278	1
279	5
280	5
281	1
282	4
283	1
284	4
285	1
286	1
287	1
288	2
289	6
290	4
291	2
292	5
293	2
295	4
296	4
297	1
298	3
299	4
300	5
301	4
302	4
304	1
305	4
306	2
307	6
308	3
310	6
311	4
312	6
313	1
314	5
315	5
316	4
317	1
318	1
319	6
320	2
321	6
322	2
323	3
324	5
325	1
326	1
328	6
329	5
330	2
331	4
332	3
334	2
335	6
336	1
337	6
338	5
339	4
340	1
341	1
342	2
343	2
344	4
345	1
346	5
347	2
348	5
349	1
350	6
351	2
352	2
353	2
354	6
355	4
357	5
358	4
359	6
360	1
362	2
363	4
365	1
366	3
367	3
368	2
369	1
370	1
372	2
375	4
376	4
378	4
379	1
380	1
381	2
382	3
383	2
384	1
385	4
386	3
387	2
388	4
389	5
390	6
391	4
392	1
393	2
394	2
395	2
396	1
397	2
398	3
399	1
400	6
401	6
402	3
403	1
404	4
405	1
406	1
407	5
408	1
409	2
410	2
411	1
412	2
413	5
414	4
415	1
416	2
417	2
418	1
419	1
420	3
421	2
422	6
424	3
425	3
426	2
428	4
429	1
430	6
431	6
432	3
433	2
434	2
435	2
436	6
438	2
439	1
440	2
442	2
443	2
444	1
445	2
446	5
447	6
448	1
449	2
450	5
451	2
452	2
453	4
454	2
455	6
456	2
457	1
458	1
459	1
460	1
461	5
462	2
463	6
464	2
465	5
466	2
467	6
468	2
469	6
470	4
471	1
472	6
474	6
475	1
476	4
477	2
478	1
479	3
480	1
481	5
482	1
483	1
484	1
485	1
486	3
487	2
489	1
490	4
491	3
492	4
493	3
494	4
495	4
496	4
497	6
498	2
499	2
500	6
501	4
502	2
503	3
504	4
505	2
506	3
507	3
509	6
510	6
511	4
512	1
513	4
514	6
515	1
516	4
517	4
518	1
519	4
520	6
521	2
523	5
524	2
525	6
526	1
527	1
528	1
529	6
530	4
531	2
532	2
533	6
536	2
537	1
538	5
539	4
540	6
541	2
542	2
543	3
545	6
546	4
547	2
548	4
549	4
550	1
551	2
552	1
553	2
554	1
555	3
556	3
558	5
559	1
561	2
562	4
563	6
564	2
566	6
567	1
568	4
569	1
570	4
571	6
572	4
573	4
574	4
575	3
576	4
577	2
578	1
579	6
580	5
581	2
582	1
583	5
584	6
585	5
586	3
587	1
589	4
590	1
591	4
592	1
593	2
594	6
595	1
596	2
597	1
598	6
599	6
601	4
602	4
603	2
604	2
605	2
606	2
607	5
608	4
609	6
610	3
611	1
612	3
613	3
614	1
615	4
616	6
617	5
618	1
619	5
620	5
621	3
624	4
625	4
626	1
627	3
628	6
629	1
631	2
632	4
633	1
634	2
635	3
636	6
637	6
638	4
639	1
640	1
642	5
643	2
644	4
645	4
646	1
647	1
648	6
649	4
650	1
652	4
653	1
654	2
655	3
656	2
657	4
658	1
659	1
660	2
661	3
662	2
663	1
664	1
665	3
666	4
667	4
668	4
669	1
670	4
671	2
672	3
673	1
674	5
675	1
676	2
677	2
678	1
680	4
681	2
682	1
683	1
685	3
686	1
687	2
688	2
689	4
690	6
691	4
692	2
694	4
695	1
696	1
697	6
698	1
699	1
700	2
701	1
702	3
703	1
704	1
705	5
706	5
707	4
708	4
709	1
710	4
711	2
712	1
713	6
714	4
715	3
716	6
717	1
719	1
720	1
721	4
722	1
723	3
724	4
725	1
726	1
727	1
728	2
729	2
730	1
732	2
733	2
734	6
735	4
736	6
737	4
738	6
739	2
740	5
741	6
742	3
743	1
744	1
745	3
746	6
747	4
748	2
749	4
751	4
752	2
753	4
754	2
755	3
756	1
757	1
758	2
759	5
760	1
761	5
762	4
763	3
764	2
765	6
766	6
767	4
768	4
769	3
770	1
771	1
772	5
773	1
774	5
775	1
776	1
777	2
778	1
780	3
781	4
782	4
783	1
784	1
786	6
787	1
788	4
789	5
790	3
791	2
792	1
793	5
794	6
795	3
796	4
797	2
798	2
799	1
800	3
801	2
802	4
803	3
804	2
805	1
806	4
807	1
808	4
809	4
810	4
811	4
812	4
813	4
814	4
815	4
817	3
818	5
820	5
821	4
822	5
823	5
824	4
825	4
826	5
827	6
830	2
831	2
832	1
833	2
834	1
835	3
836	2
837	4
838	1
839	2
840	1
841	3
842	4
844	4
845	1
846	3
847	5
848	3
849	2
850	1
851	1
852	2
853	2
855	6
856	2
857	4
858	1
859	6
860	1
861	1
862	2
864	1
866	1
867	4
868	6
869	6
870	5
871	6
872	2
873	4
874	4
875	2
876	2
877	2
878	1
879	2
880	3
881	3
882	4
883	1
884	1
885	4
886	5
887	2
888	5
889	4
890	6
891	1
892	4
893	4
894	4
895	5
896	2
898	2
899	1
900	1
902	1
903	6
904	2
905	5
906	1
907	4
908	5
909	5
910	5
911	4
912	6
913	1
914	1
915	2
916	5
917	3
918	4
919	1
920	6
921	2
922	2
924	3
925	3
926	1
927	1
928	1
929	1
930	2
931	1
932	4
933	4
934	5
935	3
936	6
937	4
939	2
940	2
941	3
943	1
944	4
945	5
946	1
947	6
948	4
949	4
950	6
951	2
952	1
953	4
954	2
955	4
958	2
959	3
960	5
961	2
962	4
963	1
964	4
965	4
966	1
967	1
969	1
970	1
971	6
973	4
974	2
975	2
976	4
977	1
978	4
979	4
980	5
981	2
982	2
983	2
984	1
985	6
986	3
987	5
988	1
989	5
990	1
992	6
994	2
996	5
997	6
998	3
999	1
1000	6
1001	6
1002	2
1003	2
1004	3
1005	2
1006	6
1007	1
1008	1
1010	4
1011	1
1012	6
1013	1
1014	2
1015	1
1016	2
1017	1
1018	1
1019	2
1020	1
1021	6
1023	3
1024	1
1025	2
1026	5
1027	5
1028	4
1030	4
1031	1
1032	5
1033	1
1034	2
1035	4
1036	4
1037	4
1038	2
1039	4
1040	4
1041	2
1042	2
1043	2
1044	5
1046	2
1047	6
1048	3
1050	6
1051	2
1052	4
1053	4
1054	1
1055	1
1057	4
1058	3
1059	6
1060	2
1062	5
1064	4
1065	3
1066	1
1067	3
1068	2
1069	2
1070	1
1071	1
1072	3
1073	6
1074	1
1075	6
1076	5
1077	2
1078	4
1079	6
1080	2
1081	3
1082	4
1083	1
1085	4
1086	6
1088	4
1089	1
1090	1
1091	2
1092	6
1093	4
1094	2
1095	4
1096	4
1097	2
1098	6
1099	6
1100	4
1101	4
1102	6
1103	2
1104	2
1105	6
1106	4
1107	4
1108	2
1109	3
1110	5
1111	1
1113	1
1114	6
1115	2
1116	6
1119	3
1120	6
1122	5
1123	2
1124	1
1125	1
1126	1
1127	3
1128	4
1129	2
1130	1
1131	1
1132	3
1133	1
1134	3
1135	2
1136	6
1138	1
1139	5
1140	6
1141	4
1142	2
1144	1
1145	2
1147	4
1148	1
1149	4
1150	1
1151	3
1152	6
1153	1
1154	2
1155	1
1156	1
1157	1
1158	5
1159	5
1160	2
1161	3
1162	1
1163	4
1164	4
1165	4
1166	5
1167	5
1168	4
1169	5
1170	1
1171	4
1172	1
1173	2
1174	1
1175	4
1178	3
1179	1
1181	5
1182	2
1183	1
1184	4
1185	1
1186	1
1187	2
1189	1
1190	1
1191	2
1193	2
1195	5
1196	4
1197	6
1198	4
1199	5
1200	5
1201	3
1202	4
1203	2
1204	4
1205	2
1206	6
1207	6
1208	1
1209	4
1211	4
1212	3
1213	6
1214	6
1215	1
1216	5
1217	1
1218	1
1219	4
1220	3
1221	4
1222	4
1223	6
1224	2
1225	6
1226	2
1227	2
1228	1
1229	1
1230	4
1231	2
1232	4
1233	2
1234	4
1235	2
1236	1
1237	4
1238	6
1239	3
1240	4
1241	1
1242	6
1243	6
1244	1
1245	2
1246	1
1247	3
1248	6
1249	5
1250	4
1251	4
1253	4
1254	1
1255	2
1256	6
1257	6
1259	2
1260	2
1261	4
1262	4
1263	3
1264	4
1265	4
1266	4
1267	5
1268	5
1270	2
1271	4
1272	1
1273	1
1274	5
1276	5
1277	6
1278	3
1279	1
1280	1
1281	1
1282	1
1283	6
1285	3
1286	2
1287	1
1288	1
1289	4
1290	3
1291	2
1292	1
1293	4
1294	2
1295	1
1296	6
1297	3
1298	4
1299	4
1300	1
1301	2
1302	2
1303	1
1304	4
1305	4
1306	1
1307	6
1308	1
1309	6
1310	2
1311	6
1312	6
1313	4
1314	5
1315	4
1316	5
1317	3
1318	1
1319	5
1320	5
1321	4
1322	5
1323	1
1324	2
1325	3
1326	6
1327	6
1328	6
1330	1
1331	6
1332	4
1333	5
1334	1
1335	3
1336	3
1337	2
1338	1
1339	5
1340	6
1341	3
1342	2
1343	5
1344	6
1345	4
1346	4
1347	4
1349	1
1350	5
1351	2
1352	4
1353	5
1354	1
1355	2
1356	4
1357	6
1358	4
1359	5
1360	1
1361	1
1362	2
1363	4
1364	1
1365	2
1366	5
1367	6
1368	6
1369	3
1370	6
1371	2
1373	6
1374	6
1375	2
1376	4
1378	1
1379	4
1380	2
1381	1
1382	6
1383	3
1384	1
1385	3
1386	1
1387	6
1388	4
1389	6
1390	4
1391	2
1392	6
1393	2
1394	2
1395	1
1396	5
1398	6
1399	3
1401	2
1402	3
1403	6
1404	1
1405	6
1407	5
1408	5
1410	6
1411	2
1412	2
1413	5
1415	4
1416	1
1417	3
1418	2
1419	2
1420	4
1423	2
1424	4
1425	1
1426	3
1427	2
1428	1
1429	4
1430	5
1431	4
1432	4
1433	2
1434	1
1435	1
1436	4
1437	2
1438	2
1440	4
1441	4
1442	1
1443	1
1444	6
1445	5
1446	1
1447	4
1448	2
1449	4
1450	4
1451	4
1452	3
1453	6
1454	2
1455	1
1456	6
1457	1
1459	4
1460	2
1461	6
1462	5
1463	2
1464	1
1465	6
1466	1
1467	3
1468	6
1469	6
1470	6
1471	4
1472	3
1473	5
1474	3
1475	1
1476	4
1477	6
1478	3
1479	3
1480	4
1481	4
1482	6
1483	4
1484	1
1485	5
1486	3
1487	6
1488	2
1489	6
1490	1
1491	4
1492	4
1493	2
1494	6
1495	4
1496	6
1497	1
1498	4
1499	4
1501	3
1502	1
1504	1
1505	4
1506	1
1507	1
1508	5
1509	5
1510	4
1511	1
1512	4
1513	2
1514	6
1515	1
1516	6
1517	1
1518	1
1519	4
1520	5
1521	4
1522	2
1523	3
1524	2
1525	4
1526	2
1528	1
1529	2
1530	4
1531	1
1532	4
1533	1
1534	1
1535	2
1536	1
1537	4
1538	1
1539	6
1540	5
1541	1
1542	4
1543	4
1546	4
1547	3
1548	3
1549	4
1550	5
1551	4
1553	4
1554	4
1555	1
1556	4
1557	1
1558	4
1560	5
1561	4
1563	1
1564	1
1565	5
1566	6
1567	2
1568	4
1569	1
1570	4
1571	6
1572	2
1573	4
1574	5
1575	1
1577	6
1579	4
1580	4
1582	1
1583	1
1584	6
1585	1
1586	1
1587	6
1588	2
1590	4
1591	2
1592	1
1593	4
1594	3
1595	5
1596	2
1598	2
1599	1
1600	5
1601	1
1602	6
1603	3
1604	1
1605	2
1606	4
1607	1
1608	6
1609	6
1610	3
1611	3
1612	1
1613	2
1615	6
1616	2
1617	4
1618	1
1619	3
1620	4
1621	2
1622	1
1623	4
1624	2
1625	2
1626	6
1627	1
1628	2
1629	4
1630	6
1631	4
1632	5
1633	4
1634	6
1635	6
1636	1
1637	1
1638	4
1639	5
1640	3
1641	4
1642	5
1643	6
1644	4
1645	2
1646	3
1647	4
1648	2
1650	1
1651	6
1652	1
1653	1
1654	5
1655	1
1656	1
1658	4
1659	2
1660	4
1663	5
1664	3
1665	1
1667	6
1668	4
1669	3
1670	5
1671	1
1672	1
1673	2
1674	4
1676	3
1678	2
1679	3
1680	1
1681	4
1682	5
1683	2
1684	5
1685	1
1687	1
1688	2
1689	2
1691	2
1692	4
1693	1
1694	1
1695	2
1696	2
1697	4
1698	2
1699	5
1700	6
1701	2
1702	1
1703	2
1704	2
1705	3
1706	2
1707	4
1708	4
1709	3
1710	5
1712	4
1713	5
1714	1
1715	4
1716	6
1717	1
1718	2
1719	1
1720	1
1721	3
1722	1
1723	2
1724	1
1725	1
1726	6
1727	6
1728	6
1729	1
1730	1
1731	1
1732	5
1733	2
1734	5
1735	2
1736	2
1737	1
1738	1
1739	2
1740	4
1741	4
1742	2
1743	2
1744	1
1745	2
1746	4
1749	4
1750	2
1751	1
1752	3
1753	2
1754	4
1756	4
1758	6
1760	4
1761	1
1762	4
1764	1
1765	3
1766	6
1767	6
1768	2
1769	2
1770	4
1771	6
1772	6
1773	5
1775	2
1776	4
1777	1
1778	2
1779	1
1780	1
1781	1
1782	6
1783	1
1784	4
1785	4
1786	2
1788	1
1789	6
1790	2
1791	6
1792	6
1793	3
1794	1
1795	5
1796	4
1797	2
1798	6
1799	1
1800	4
1801	1
1802	2
1803	5
1804	2
1805	2
1806	4
1807	4
1808	4
1809	2
1810	1
1811	1
1812	6
1813	2
1814	3
1815	2
1816	2
1817	6
1818	1
1819	1
1820	2
1821	2
1822	2
1823	6
1824	4
1825	4
1827	6
1828	4
1829	1
1830	1
1832	2
1833	3
1834	4
1835	1
1836	1
1838	2
1839	2
1840	2
1841	2
1842	1
1844	1
1845	4
1846	4
1847	4
1848	4
1849	5
1850	2
1851	1
1852	2
1853	6
1854	1
1855	1
1856	2
1857	4
1858	1
1859	1
1860	1
1861	4
1862	4
1863	2
1864	4
1865	6
1866	4
1867	4
1868	3
1869	4
1870	2
1871	3
1872	1
1873	3
1875	6
1876	4
1877	2
1878	1
1879	4
1880	5
1881	6
1882	4
1883	1
1884	1
1885	5
1886	4
1887	1
1888	6
1889	4
1890	1
1891	4
1893	4
1894	2
1895	6
1896	1
1897	5
1898	1
1899	4
1900	4
1902	1
1903	6
1905	4
1906	2
1907	2
1908	1
1909	6
1910	4
1912	2
1913	4
1914	4
1915	2
1916	6
1917	4
1918	4
1919	4
1920	4
1921	1
1922	4
1923	3
1924	4
1925	3
1926	2
1927	1
1928	1
1929	4
1930	3
1932	2
1933	1
1934	3
1936	2
1937	2
1938	4
1939	1
1940	5
1941	1
1942	2
1943	5
1944	3
1945	6
1946	4
1948	1
1949	4
1950	5
1951	6
1952	3
1953	3
1954	1
1955	2
1958	4
1959	6
1960	4
1961	6
1962	5
1963	2
1964	1
1965	2
1966	4
1967	5
1968	4
1969	2
1970	6
1971	1
1972	4
1973	2
1974	4
1975	2
1976	2
1977	6
1978	2
1979	4
1980	2
1981	2
1982	6
1983	2
1985	4
1986	4
1988	1
1989	1
1990	2
1991	1
1992	4
1994	2
1996	5
1997	4
1998	1
1999	5
2000	4
2001	1
2002	1
2004	1
2006	5
2007	4
2008	1
2009	1
2010	2
2011	1
2012	4
2013	3
2014	1
2015	4
2016	2
2017	6
2018	4
2019	2
2020	2
2021	1
2022	1
2023	2
2024	1
2025	4
2026	6
2027	2
2028	6
2029	2
2030	2
2031	2
2032	4
2033	2
2035	1
2036	3
2037	6
2039	4
2040	4
2041	1
2042	3
2043	2
2044	6
2045	2
2046	2
2047	1
2048	3
2049	1
2050	4
2051	2
2052	2
2053	4
2054	4
2055	4
2056	5
2058	2
2059	6
2060	3
2061	5
2062	1
2063	4
2064	6
2065	2
2066	4
2067	6
2069	2
2070	4
2073	2
2074	1
2075	2
2077	4
2078	3
2079	2
2080	4
2081	6
2082	5
2083	4
2085	1
2086	1
2087	1
2088	5
2089	2
2090	1
2091	1
2094	6
2095	4
2096	2
2097	4
2099	4
2101	3
2102	1
2103	6
2104	1
2106	4
2107	3
2108	1
2109	1
2110	2
2111	1
2112	3
2113	4
2114	1
2115	2
2116	4
2117	2
2118	5
2119	3
2120	5
2121	6
2122	2
2123	4
2124	6
2125	1
2126	1
2127	2
2128	2
2130	1
2131	1
2132	1
2133	2
2134	1
2135	4
2136	3
2137	1
2138	6
2139	1
2140	1
2141	4
2142	4
2143	4
2144	3
2145	1
2146	6
2148	4
2149	5
2151	4
2152	4
2153	4
2154	6
2155	2
2156	4
2157	4
2158	4
2159	6
2160	2
2161	3
2162	1
2163	1
2165	2
2166	2
2167	6
2168	2
2169	3
2170	4
2171	1
2172	6
2173	4
2174	2
2175	3
2176	6
2177	4
2178	4
2179	5
2180	2
2181	6
2182	4
2183	3
2184	6
2185	4
2186	2
2187	2
2188	1
2189	2
2190	4
2191	2
2192	5
2193	2
2194	5
2195	6
2196	1
2197	3
2198	4
2199	6
2200	1
2202	1
2203	1
2204	5
2205	2
2206	4
2207	4
2209	1
2210	1
2211	1
2212	2
2214	3
2215	2
2216	1
2217	2
2218	2
2219	1
2220	4
2222	5
2223	2
2224	5
2225	2
2226	5
2227	4
2228	5
2229	6
2230	1
2231	1
2232	2
2233	3
2234	6
2235	1
2236	1
2237	6
2238	4
2239	4
2240	4
2241	2
2242	2
2243	6
2244	1
2245	4
2246	1
2247	1
2248	3
2249	2
2250	3
2251	2
2252	4
2253	3
2254	2
2255	4
2256	1
2257	6
2258	2
2259	1
2260	5
2262	2
2263	1
2265	3
2267	5
2268	4
2269	1
2270	2
2271	3
2272	4
2273	1
2274	4
2275	3
2276	5
2277	5
2278	2
2279	1
2281	1
2283	5
2284	4
2285	3
2286	1
2287	2
2288	3
2289	2
2290	6
2291	1
2292	1
2293	1
2294	3
2295	2
2296	1
2297	2
2298	2
2299	1
2300	2
2301	5
2302	1
2304	4
2305	3
2306	1
2307	3
2308	6
2309	4
2310	3
2311	4
2312	5
2313	2
2314	2
2315	3
2316	1
2317	3
2318	2
2319	2
2320	2
2321	1
2322	2
2323	3
2324	2
2325	4
2327	1
2328	4
2329	4
2330	1
2333	4
2334	3
2335	1
2336	6
2337	2
2338	4
2339	2
2340	1
2341	2
2342	4
2344	2
2345	1
2347	3
2348	2
2349	4
2350	5
2351	2
2352	1
2353	6
2354	1
2355	2
2356	2
2357	1
2358	3
2359	1
2360	5
2361	4
2362	3
2363	6
2364	1
2365	2
2366	4
2367	4
2368	4
2369	1
2370	2
2371	2
2372	1
2373	5
2374	1
2376	3
2377	1
2378	4
2379	4
2381	1
2382	6
2383	2
2384	4
2385	6
2386	1
2388	4
2389	2
2390	1
2391	3
2392	2
2393	4
2394	5
2395	1
2396	1
2397	3
2399	1
2400	5
2401	2
2402	4
2403	1
2404	6
2405	4
2406	4
2407	5
2408	2
2409	6
2410	6
2411	3
2412	6
2414	2
2415	2
2416	1
2417	2
2418	2
2419	1
2420	4
2421	6
2422	1
2423	4
2424	1
2425	5
2426	2
2427	6
2428	6
2429	1
2430	1
2431	1
2435	1
2436	2
2437	5
2438	5
2439	2
2440	4
2441	1
2442	4
2443	4
2444	2
2445	6
2446	5
2447	4
2448	6
2449	1
2450	1
2451	5
2452	3
2453	1
2454	5
2456	6
2457	6
2459	1
2460	3
2461	5
2462	2
2463	1
2464	2
2465	5
2467	2
2468	1
2469	2
2470	2
2472	2
2473	2
2474	3
2475	6
2476	2
2477	1
2478	6
2479	4
2480	3
2481	4
2482	4
2483	4
2484	1
2485	4
2486	4
2487	2
2488	4
2490	5
2491	4
2492	1
2493	4
2494	4
2495	2
2496	1
2497	6
2499	1
2500	6
2501	5
2503	2
2504	1
2505	2
2507	3
2508	4
2509	1
2510	1
2511	1
2512	2
2513	2
2514	6
2515	4
2516	2
2517	2
2518	3
2519	1
2520	6
2521	4
2522	6
2523	1
2524	4
2525	5
2527	2
2528	5
2529	2
2530	1
2531	6
2532	1
2533	2
2534	1
2535	2
2536	1
2537	1
2538	6
2539	4
2540	5
2541	4
2542	2
2543	1
2544	2
2545	3
2546	6
2548	2
2549	4
2551	2
2552	2
2554	3
2555	5
2556	3
2558	6
2559	2
2560	5
2561	4
2562	1
2563	5
2564	1
2566	2
2567	4
2568	4
2569	4
2570	4
2571	6
2572	3
2573	4
2574	3
2575	3
2576	4
2577	1
2578	4
2579	1
2580	3
2581	2
2582	4
2583	2
2584	2
2585	6
2586	1
2587	1
2588	4
2589	6
2590	4
2591	3
2592	4
2594	2
2595	2
2596	4
2597	4
2598	4
2599	5
2601	1
2602	4
2603	5
2604	4
2605	5
2606	3
2607	2
2608	4
2609	2
2610	4
2611	4
2612	2
2613	6
2614	5
2615	3
2616	1
2617	2
2618	2
2619	1
2620	6
2621	5
2622	1
2623	4
2624	2
2625	1
2626	2
2627	5
2628	6
2629	4
2630	6
2632	1
2633	1
2634	4
2635	6
2636	4
2637	2
2638	4
2639	4
2640	1
2641	6
2642	6
2644	2
2645	6
2646	6
2647	6
2648	1
2649	1
2650	6
2651	2
2652	4
2653	2
2655	1
2656	1
2657	3
2658	5
2659	1
2660	4
2661	6
2662	5
2663	4
2664	1
2665	4
2666	6
2667	4
2668	2
2669	4
2670	5
2671	4
2672	2
2673	2
2674	2
2676	3
2677	5
2678	5
2679	2
2680	1
2681	6
2682	1
2683	4
2684	4
2685	4
2686	4
2687	4
2690	3
2691	2
2692	2
2693	2
2694	1
2695	4
2696	3
2697	1
2698	2
2699	4
2700	1
2701	6
2702	2
2703	2
2704	2
2705	2
2706	1
2707	4
2708	1
2709	2
2711	2
2712	1
2713	2
2714	3
2715	4
2716	1
2717	1
2718	1
2719	2
2720	2
2721	4
2722	6
2723	4
2724	2
2725	4
2726	6
2727	6
2728	1
2729	5
2730	1
2731	5
2732	1
2734	1
2735	2
2736	6
2737	4
2738	6
2739	1
2740	4
2741	4
2742	6
2743	5
2744	2
2745	1
2746	4
2747	2
2748	1
2749	1
2750	5
2751	4
2752	1
2753	1
2754	5
2756	6
2757	4
2758	4
2759	5
2760	4
2761	1
2762	6
2763	1
2764	2
2765	6
2766	1
2767	3
2768	1
2770	1
2771	4
2772	3
2773	4
2774	1
2776	1
2777	5
2778	2
2779	1
2780	2
2781	1
2783	6
2784	2
2785	6
2786	4
2787	2
2788	3
2789	3
2790	6
2791	4
2792	5
2793	4
2794	4
2795	4
2796	4
2797	3
2798	2
2799	3
2800	4
2801	6
2802	6
2803	1
2804	2
2806	6
2807	4
2808	1
2809	3
2810	4
2811	2
2814	6
2815	3
2816	4
2817	1
2818	5
2819	3
2820	1
2821	4
2822	2
2823	4
2824	4
2825	1
2826	6
2827	2
2828	6
2829	3
2830	1
2831	6
2832	2
2833	1
2834	4
2835	3
2836	4
2837	2
2838	2
2839	6
2840	5
2841	2
2842	3
2843	6
2844	4
2845	4
2846	1
2847	5
2848	4
2849	4
2850	2
2851	6
2852	3
2853	1
2854	4
2855	1
2856	3
2858	1
2861	6
2862	4
2863	4
2864	4
2865	1
2866	1
2867	2
2868	4
2869	1
2870	6
2871	6
2872	4
2873	4
2874	5
2875	4
2876	1
2877	5
2879	4
2880	3
2881	1
2882	6
2883	1
2884	1
2885	3
2886	3
2887	4
2888	2
2889	4
2890	2
2891	4
2892	4
2893	2
2894	6
2895	6
2896	6
2897	1
2898	1
2899	2
2900	6
2901	6
2902	4
2903	6
2904	5
2905	4
2906	1
2907	2
2908	6
2909	3
2910	6
2911	3
2912	3
2913	1
2914	2
2915	2
2916	4
2917	6
2918	5
2919	3
2920	1
2921	5
2922	2
2924	1
2925	6
2926	5
2927	6
2928	1
2929	2
2930	3
2931	2
2932	6
2933	1
2934	1
2935	2
2936	1
2937	4
2938	4
2939	2
2940	2
2941	3
2942	4
2943	1
2944	2
2945	4
2946	1
2947	4
2948	4
2949	2
2950	2
2951	1
2953	5
2954	1
2955	6
2957	6
2958	1
2959	6
2960	3
2961	2
2962	2
2963	6
2964	1
2965	4
2966	6
2967	2
2968	1
2969	6
2970	5
2971	3
2972	1
2973	2
2974	5
2975	3
2976	2
2977	2
2978	6
2979	1
2980	2
2981	2
2982	3
2983	5
2984	2
2985	1
2986	6
2987	4
2988	1
2990	5
2991	2
2992	2
2993	3
2995	1
2996	4
2997	6
2998	5
2999	6
3001	5
3002	2
3003	4
3004	6
3005	2
3006	6
3007	2
3008	3
3009	5
3010	1
3011	6
3012	1
3013	2
3014	4
3015	4
3016	4
3017	2
3018	4
3020	4
3021	2
3022	1
3023	3
3024	5
3025	5
3026	6
3027	1
3029	3
3030	4
3031	3
3032	6
3033	6
3034	5
3036	1
3038	2
3039	4
3041	3
3042	2
3043	6
3044	4
3045	2
3046	3
3047	2
3048	1
3049	2
3051	2
3052	1
3053	1
3054	5
3055	4
3056	2
3057	1
3058	4
3059	2
3060	2
3061	4
3062	2
3064	4
3066	1
3067	6
3068	1
3069	4
3070	2
3071	5
3072	2
3073	6
3074	4
3075	2
3077	3
3078	4
3079	1
3080	5
3081	6
3082	6
3083	6
3084	1
3085	6
3086	4
3087	3
3088	1
3089	1
3090	5
3091	3
3092	1
3093	4
3094	2
3095	4
3096	2
3097	4
3098	5
3099	4
3100	1
3101	1
3102	1
3103	4
3104	4
3105	1
3106	2
3108	1
3110	6
3111	4
3112	2
3114	1
3115	6
3116	4
3117	2
3118	1
3119	1
3120	3
3121	3
3122	6
3123	3
3124	1
3125	1
3126	6
3127	6
3128	4
3129	2
3130	5
3131	1
3132	2
3133	4
3134	4
3135	2
3136	2
3137	2
3138	4
3140	4
3141	2
3142	4
3143	5
3144	4
3145	1
3146	6
3147	1
3148	2
3149	5
3152	1
3153	4
3154	6
3155	6
3156	3
3159	1
3160	6
3161	6
3163	1
3164	2
3165	1
3167	1
3168	2
3169	4
3170	4
3171	2
3172	5
3173	2
3174	6
3175	3
3176	1
3177	5
3178	2
3179	2
3180	1
3181	2
3182	2
3183	4
3185	2
3186	5
3187	5
3188	6
3189	2
3190	5
3191	1
3192	1
3193	3
3194	2
3195	6
3196	6
3197	4
3198	2
3199	3
3200	4
3201	5
3202	2
3203	6
3204	4
3205	6
3206	2
3207	3
3208	1
3209	6
3211	2
3212	2
3213	4
3214	3
3215	6
3216	6
3217	1
3218	5
3219	1
3220	6
3221	1
3224	1
3226	1
3227	1
3228	1
3229	4
3230	2
3231	2
3232	1
3233	2
3234	5
3235	6
3236	3
3238	2
3239	4
3240	3
3241	5
3242	5
3243	1
3244	4
3245	2
3246	6
3247	1
3248	4
3249	4
3250	5
3251	1
3252	1
3253	1
3254	1
3255	4
3257	6
3258	4
3259	4
3261	3
3262	2
3264	1
3265	1
3266	1
3268	6
3269	4
3270	2
3271	5
3272	2
3273	1
3274	4
3275	3
3276	6
3277	4
3278	3
3279	4
3280	2
3281	2
3282	4
3283	1
3285	5
3286	5
3287	6
3289	5
3290	2
3291	4
3292	2
3293	5
3294	3
3295	4
3296	1
3297	6
3298	4
3299	1
3300	1
3301	4
3302	2
3304	4
3305	2
3306	6
3307	4
3308	3
3309	2
3311	6
3312	1
3313	1
3314	5
3315	3
3316	1
3317	3
3318	2
3319	4
3320	2
3321	4
3322	2
3323	1
3324	1
3325	6
3326	6
3327	1
3328	1
3329	6
3330	4
3331	2
3332	2
3333	5
3334	3
3335	1
3336	2
3337	4
3338	3
3339	1
3340	1
3341	4
3342	1
3343	1
3344	4
3345	4
3347	6
3348	3
3349	5
3350	6
3351	3
3352	1
3353	6
3354	4
3355	4
3356	4
3357	4
3358	2
3360	1
3361	2
3363	3
3364	4
3366	1
3367	1
3368	1
3369	5
3370	1
3371	4
3372	2
3373	5
3375	2
3376	2
3377	4
3378	2
3381	2
3382	1
3384	1
3385	6
3386	5
3387	6
3388	4
3389	2
3390	6
3391	1
3392	6
3393	4
3394	3
3395	2
3396	3
3397	6
3398	6
3399	1
3400	6
3401	6
3402	4
3403	4
3404	3
3405	2
3406	1
3407	1
3408	6
3410	1
3411	1
3412	3
3413	3
3414	1
3415	4
3417	3
3418	4
3419	6
3420	2
3421	3
3422	3
3423	1
3424	3
3425	6
3426	5
3427	2
3429	6
3430	4
3431	2
3432	1
3433	2
3435	2
3436	4
3437	6
3438	3
3439	2
3440	6
3441	4
3443	1
3444	3
3445	4
3446	1
3448	1
3449	2
3450	4
3451	1
3453	4
3454	6
3456	5
3457	1
3458	5
3459	6
3461	4
3462	5
3463	6
3464	4
3465	6
3467	4
3468	1
3469	1
3470	3
3471	1
3473	1
3474	6
3475	1
3476	6
3477	5
3478	2
3479	4
3480	4
3481	5
3482	4
3483	1
3484	1
3486	3
3487	2
3488	1
3490	1
3491	6
3492	4
3493	4
3494	4
3495	2
3496	5
3497	1
3498	4
3499	2
3500	2
3501	1
3502	2
3503	1
3504	5
3505	6
3506	2
3507	4
3508	6
3509	2
3510	4
3511	1
3512	2
3513	4
3514	1
3516	3
3517	3
3518	1
3519	2
3520	2
3521	3
3522	6
3523	6
3524	1
3525	4
3526	1
3527	5
3528	2
3529	2
3530	4
3531	2
3532	1
3533	4
3534	1
3535	1
3536	1
3537	1
3538	5
3539	5
3540	6
3541	5
3542	4
3543	3
3544	2
3545	2
3546	4
3547	3
3549	5
3550	4
3551	2
3552	5
3554	4
3555	4
3556	5
3557	1
3558	4
3559	6
3561	6
3562	2
3563	6
3564	4
3565	1
3566	4
3567	2
3568	2
3569	6
3571	1
3573	4
3574	4
3575	1
3576	4
3577	1
3578	3
3579	1
3580	2
3581	3
3582	6
3583	4
3584	6
3585	6
3586	4
3587	2
3588	2
3589	1
3590	1
3591	4
3592	6
3593	4
3594	4
3595	2
3596	1
3597	1
3598	1
3599	1
3600	4
3601	2
3602	1
3603	3
3604	6
3605	4
3606	2
3607	1
3608	4
3609	6
3611	4
3612	1
3613	3
3614	5
3615	4
3616	2
3617	5
3618	2
3619	2
3620	2
3621	5
3623	1
3625	2
3626	6
3627	1
3628	1
3629	1
3630	3
3631	1
3633	4
3634	1
3635	2
3636	2
3637	6
3638	2
3639	1
3640	3
3641	5
3642	2
3643	3
3644	5
3645	4
3646	1
3647	2
3648	6
3650	5
3651	1
3653	3
3654	1
3655	6
3657	1
3658	2
3659	5
3660	5
3661	6
3662	4
3663	2
3664	1
3665	6
3666	4
3667	1
3668	4
3669	6
3670	4
3671	6
3672	3
3673	2
3674	6
3675	3
3676	2
3677	2
3678	2
3679	3
3680	1
3681	1
3682	2
3683	1
3684	4
3685	4
3686	1
3687	4
3688	4
3689	2
3690	2
3691	4
3692	4
3695	1
3697	3
3698	3
3699	2
3700	3
3701	1
3702	4
3703	4
3704	1
3706	1
3707	3
3708	6
3709	4
3711	1
3712	4
3713	1
3714	1
3715	4
3716	4
3717	3
3718	3
3719	1
3720	1
3721	6
3723	2
3724	2
3725	3
3726	6
3727	4
3729	3
3730	6
3731	2
3732	2
3733	3
3734	3
3735	2
3736	5
3737	1
3739	4
3740	1
3741	5
3742	1
3743	4
3744	4
3745	5
3746	6
3748	2
3749	5
3750	3
3751	6
3752	2
3753	2
3754	4
3755	5
3756	6
3757	4
3758	3
3759	4
3760	1
3761	1
3763	2
3765	1
3767	5
3768	2
3770	1
3771	1
3772	6
3773	1
3774	2
3775	4
3776	1
3778	2
3779	1
3781	1
3782	2
3783	1
3784	4
3785	4
3786	1
3788	6
3789	4
3790	1
3792	6
3793	1
3794	1
3796	5
3798	1
3799	4
3800	1
3801	4
3802	4
3803	2
3804	1
3805	3
3806	1
3807	3
3808	1
3809	2
3810	1
3811	4
3812	4
3813	1
3814	2
3815	5
3816	4
3818	5
3819	3
3820	5
3821	2
3822	4
3823	6
3824	3
3825	1
3827	6
3828	4
3829	1
3830	1
3831	3
3833	2
3834	2
3835	3
3836	2
3837	3
3838	2
3839	3
3840	4
3842	1
3843	5
3844	6
3845	4
3846	3
3847	1
3848	2
3849	2
3850	1
3851	2
3852	1
3853	6
3854	3
3855	1
3857	2
3858	4
3859	2
3860	2
3861	3
3862	2
3863	2
3864	6
3865	2
3866	4
3867	4
3868	1
3869	2
3870	1
3871	4
3872	4
3873	6
3874	3
3875	2
3876	6
3877	4
3878	1
3880	1
3881	2
3882	4
3883	1
3884	2
3885	6
3886	3
3887	1
3888	4
3889	5
3890	5
3891	2
3892	1
3893	4
3894	6
3895	2
3896	1
3897	1
3898	4
3899	2
3900	3
3901	4
3902	2
3903	6
3904	2
3905	1
3906	6
3907	4
3908	6
3910	2
3911	5
3912	4
3913	2
3914	2
3915	2
3916	4
3917	2
3918	4
3919	6
3920	1
3921	1
3922	1
3923	3
3924	2
3926	2
3927	4
3929	2
3930	2
3931	4
3932	6
3933	2
3934	6
3935	1
3936	1
3937	5
3938	2
3939	5
3940	6
3941	6
3942	3
3943	1
3944	1
3945	6
3946	1
3947	4
3948	2
3949	1
3950	2
3952	2
3953	2
3954	6
3955	1
3956	2
3957	4
3958	1
3959	5
3960	2
3961	1
3962	2
3963	5
3964	2
3965	4
3966	6
3967	4
3968	1
3969	4
3971	2
3972	4
3973	2
3974	1
3976	4
3977	3
3978	1
3979	5
3980	3
3981	4
3982	1
3983	4
3985	5
3986	5
3987	4
3989	2
3990	6
3991	6
3993	1
3994	1
3995	4
3997	6
3998	1
3999	2
4001	1
4002	5
4003	1
4004	4
4005	4
4006	6
4007	1
4008	3
4011	2
4012	3
4013	2
4014	2
4015	1
4016	4
4018	4
4019	5
4020	4
4021	2
4022	3
4023	3
4024	2
4025	1
4026	1
4028	2
4029	1
4030	3
4031	2
4032	2
4033	4
4034	1
4035	3
4036	6
4037	2
4038	3
4039	4
4040	4
4041	2
4042	2
4043	1
4044	6
4045	1
4046	1
4047	1
4048	1
4049	1
4050	1
4051	2
4052	2
4053	4
4055	1
4056	3
4057	2
4058	2
4059	2
4060	6
4062	1
4063	1
4064	4
4065	4
4066	2
4068	6
4069	1
4070	1
4071	5
4072	4
4073	2
4074	6
4075	4
4078	2
4079	5
4080	6
4081	5
4082	1
4083	1
4084	3
4085	2
4086	6
4087	3
4088	6
4089	6
4090	5
4091	2
4092	1
4093	3
4094	4
4095	4
4097	5
4099	1
4100	3
4101	5
4102	1
4103	4
4104	1
4105	2
4106	5
4107	2
4108	2
4109	4
4110	2
4111	6
4112	3
4113	4
4114	6
4115	1
4117	1
4118	2
4119	1
4120	4
4121	6
4122	1
4123	2
4124	1
4125	1
4126	3
4127	6
4128	4
4129	1
4131	2
4132	2
4133	4
4134	4
4135	5
4136	2
4137	2
4141	1
4142	2
4143	2
4144	2
4145	4
4146	1
4147	2
4148	2
4149	2
4150	4
4151	1
4152	4
4153	2
4154	1
4155	3
4157	1
4158	5
4159	6
4160	2
4161	1
4162	4
4163	1
4164	2
4165	4
4167	4
4168	2
4169	3
4171	1
4172	5
4173	4
4174	1
4175	3
4176	3
4178	6
4179	6
4180	5
4181	6
4182	6
4183	4
4184	1
4185	4
4186	3
4187	4
4188	6
4189	4
4190	1
4191	1
4192	5
4193	5
4194	1
4195	1
4196	2
4197	4
4198	1
4199	1
4200	1
4201	4
4202	4
4203	1
4204	4
4205	4
4206	2
4208	2
4209	1
4210	6
4211	1
4213	1
4214	4
4215	3
4216	1
4217	6
4218	2
4219	1
4220	4
4221	3
4222	2
4223	5
4224	1
4225	6
4226	1
4228	5
4229	1
4230	4
4231	4
4232	4
4233	1
4234	4
4235	1
4236	1
4237	4
4238	6
4239	2
4240	4
4241	2
4242	4
4243	4
4244	6
4247	5
4248	2
4249	2
4250	1
4251	3
4252	5
4253	5
4254	4
4255	1
4256	1
4257	1
4258	2
4259	3
4260	1
4261	2
4262	1
4263	1
4264	3
4265	1
4266	2
4267	1
4268	2
4269	5
4270	4
4271	1
4272	6
4274	3
4275	4
4276	1
4278	1
4280	5
4281	2
4282	4
4283	1
4284	5
4285	4
4286	6
4287	1
4288	4
4289	2
4290	2
4291	3
4292	6
4293	1
4294	4
4295	1
4296	1
4297	1
4298	4
4299	5
4300	1
4302	6
4304	2
4305	4
4306	4
4308	2
4309	2
4310	1
4311	1
4312	6
4313	1
4314	1
4315	1
4316	1
4317	4
4318	5
4319	4
4320	3
4321	6
4322	2
4323	3
4324	2
4326	4
4327	2
4328	4
4329	1
4330	6
4331	4
4332	5
4333	2
4334	2
4335	5
4336	4
4337	1
4338	6
4339	5
4341	6
4342	2
4343	2
4344	4
4345	2
4346	4
4347	6
4348	4
4349	6
4350	5
4351	2
4353	1
4354	2
4355	2
4356	1
4357	5
4358	4
4359	1
4360	4
4361	1
4362	2
4363	2
4364	2
4365	3
4366	5
4368	4
4369	1
4370	4
4371	6
4372	1
4373	6
4374	1
4375	5
4376	3
4377	2
4378	1
4379	6
4381	2
4383	4
4384	5
4385	2
4386	1
4387	2
4389	1
4390	1
4391	4
4392	6
4393	1
4394	6
4395	4
4396	2
4397	2
4398	2
4399	4
4400	1
4401	2
4402	5
4404	1
4405	4
4406	3
4407	2
4408	3
4409	4
4410	5
4411	5
4412	1
4413	1
4414	4
4415	4
4416	1
4417	4
4418	6
4420	1
4421	4
4422	1
4423	4
4424	4
4425	2
4428	1
4430	4
4431	1
4433	5
4434	4
4435	1
4437	6
4438	4
4439	1
4440	2
4441	1
4442	2
4443	6
4444	1
4445	2
4446	2
4447	4
4448	1
4449	4
4450	1
4451	2
4452	4
4453	1
4454	2
4455	4
4456	2
4457	4
4458	6
4459	2
4460	5
4461	5
4462	1
4464	2
4465	3
4467	6
4468	1
4469	1
4470	4
4471	4
4472	2
4473	3
4474	1
4475	1
4477	4
4478	2
4479	1
4480	5
4481	2
4482	1
4483	2
4484	2
4485	4
4486	4
4487	2
4488	3
4489	6
4490	5
4491	1
4492	4
4493	3
4494	1
4495	2
4496	1
4497	2
4498	4
4499	1
4500	5
4501	3
4502	6
4503	6
4504	4
4505	2
4506	2
4508	5
4509	1
4511	2
4512	2
4513	4
4514	2
4515	6
4516	2
4517	3
4518	3
4520	1
4521	3
4522	2
4523	1
4525	3
4526	6
4527	4
4528	1
4529	1
4530	4
4531	5
4532	1
4533	1
4534	6
4535	1
4536	4
4537	4
4538	3
4539	2
4540	3
4541	5
4543	2
4544	2
4545	3
4546	6
4547	2
4549	2
4550	2
4551	1
4552	1
4553	5
4554	6
4555	5
4556	1
4557	4
4559	2
4561	4
4562	1
4563	1
4564	4
4565	1
4567	4
4568	2
4569	6
4570	4
4571	5
4572	2
4573	1
4574	5
4575	3
4576	4
4577	2
4578	5
4579	1
4580	1
4581	2
4582	2
4583	3
4584	5
4585	2
4586	1
4587	4
4588	6
4589	2
4590	3
4591	6
4592	1
4593	1
4594	1
4595	6
4596	4
4597	2
4598	4
4599	1
4600	3
4601	1
4602	3
4603	2
4604	2
4605	4
4607	2
4609	5
4611	1
4612	2
4613	1
4614	4
4615	1
4616	2
4617	4
4618	4
4619	6
4621	3
4622	1
4623	2
4624	1
4627	4
4628	5
4629	2
4630	3
4631	6
4633	4
4634	6
4635	2
4636	2
4637	2
4638	5
4639	4
4640	1
4641	2
4642	2
4643	2
4644	1
4645	6
4646	6
4647	1
4649	3
4651	4
4652	1
4653	6
4654	5
4655	4
4656	5
4657	1
4658	1
4659	4
4660	6
4661	4
4662	4
4663	6
4664	4
4665	1
4666	6
4667	2
4668	3
4669	2
4670	4
4671	5
4672	2
4673	6
4674	4
4675	1
4676	1
4677	3
4678	2
4679	4
4680	5
4681	4
4682	5
4683	1
4684	2
4685	1
4686	4
4687	6
4688	1
4689	1
4690	1
4691	4
4692	4
4693	2
4694	3
4695	3
4696	1
4697	1
4698	1
4700	3
4701	6
4702	3
4703	1
4704	3
4705	1
4706	6
4707	2
4708	2
4709	1
4710	4
4711	2
4712	3
4713	2
4714	2
4715	2
4716	2
4717	2
4718	6
4719	2
4720	1
4721	2
4722	2
4724	1
4725	2
4728	2
4729	3
4730	4
4731	1
4732	2
4733	6
4734	4
4735	2
4736	4
4737	4
4738	1
4739	1
4740	1
4741	6
4742	2
4743	5
4744	4
4745	3
4746	1
4747	2
4748	1
4749	3
4750	6
4751	2
4752	3
4753	4
4754	2
4755	2
4756	1
4757	2
4758	6
4759	3
4760	4
4761	5
4762	4
4763	2
4764	4
4766	1
4767	1
4768	2
4769	6
4771	6
4772	1
4773	5
4774	4
4775	2
4776	5
4777	6
4778	2
4779	3
4780	1
4781	1
4783	6
4785	5
4787	5
4788	2
4790	6
4791	4
4793	1
4794	1
4797	2
4798	3
4799	1
4800	6
4801	6
4802	6
4803	1
4805	1
4806	6
4807	1
4808	2
4810	2
4811	2
4812	5
4813	6
4814	3
4815	4
4816	6
4817	1
4818	2
4819	6
4820	5
4823	2
4824	5
4825	1
4827	5
4828	4
4829	1
4830	4
4831	2
4833	1
4834	1
4835	1
4837	6
4838	6
4839	2
4840	1
4841	4
4843	4
4844	2
4845	1
4846	3
4847	3
4848	5
4849	6
4851	1
4852	5
4853	6
4854	1
4855	3
4856	4
4857	1
4858	2
4859	5
4860	6
4861	4
4862	2
4863	1
4865	2
4866	2
4867	2
4868	4
4869	3
4870	6
4871	2
4872	6
4873	1
4874	2
4875	4
4876	4
4877	3
4878	1
4879	1
4880	1
4882	4
4883	2
4884	2
4885	1
4886	4
4888	1
4889	4
4890	2
4891	4
4892	5
4893	1
4895	2
4896	6
4897	3
4898	4
4899	2
4900	1
4901	3
4902	6
4903	1
4905	3
4906	4
4907	3
4908	6
4909	6
4910	2
4911	4
4912	4
4913	2
4914	4
4915	2
4916	1
4917	6
4918	1
4919	6
4920	6
4921	2
4922	4
4923	2
4924	5
4925	4
4927	2
4928	1
4929	3
4930	4
4931	2
4933	6
4934	6
4935	4
4936	2
4938	6
4939	3
4940	1
4941	3
4942	2
4943	4
4944	2
4945	4
4946	2
4947	1
4948	1
4949	2
4950	2
4951	4
4952	2
4953	2
4955	2
4956	1
4957	5
4958	4
4959	1
4960	2
4961	3
4962	4
4963	6
4964	4
4965	2
4967	2
4968	4
4969	4
4970	2
4971	1
4972	6
4973	3
4974	6
4976	2
4977	4
4978	5
4979	4
4980	2
4981	4
4982	1
4983	1
4984	6
4985	2
4986	2
4988	1
4989	1
4990	4
4991	1
4992	2
4993	4
4994	6
4995	1
4996	5
4997	3
4998	1
4999	4
5000	6
5001	6
5002	5
5003	1
5004	6
5005	6
5006	1
5007	1
5008	3
5009	1
5010	1
5011	6
5012	4
5013	2
5014	4
5015	2
5017	2
5018	4
5019	6
5020	2
5021	1
5022	1
5023	2
5024	1
5025	1
5026	6
5028	2
5029	4
5030	5
5032	4
5033	1
5034	4
5035	4
5036	2
5037	1
5038	6
5039	4
5040	4
5041	4
5042	6
5043	2
5045	6
5046	4
5047	2
5048	3
5049	6
5050	2
5051	4
5052	5
5053	1
5055	3
5056	4
5057	1
5058	2
5059	4
5060	5
5061	4
5062	6
5063	1
5064	5
5066	1
5067	1
5068	6
5069	1
5070	4
5071	4
5072	1
5073	6
5074	4
5075	1
5076	6
5077	4
5078	1
5079	6
5080	4
5081	4
5082	5
5083	1
5084	6
5085	6
5086	1
5087	2
5088	6
5089	4
5090	5
5091	4
5092	5
5093	2
5094	3
5095	1
5096	2
5098	6
5099	2
5100	1
5101	1
5102	2
5103	4
5104	2
5105	4
5107	2
5108	2
5109	4
5110	4
5111	6
5113	1
5114	1
5115	2
5116	6
5117	4
5118	1
5119	1
5120	1
5121	6
5122	1
5123	1
5124	4
5125	2
5126	2
5127	4
5130	2
5132	4
5133	5
5135	4
5136	1
5137	4
5138	1
5139	1
5140	5
5141	1
5142	4
5143	1
5144	2
5145	3
5146	2
5148	1
5149	1
5150	6
5151	2
5152	4
5153	2
5154	4
5155	2
5156	5
5157	2
5158	1
5159	2
5160	4
5161	4
5162	4
5163	2
5164	1
5165	2
5166	6
5167	2
5168	3
5169	2
5170	3
5171	1
5172	4
5173	4
5174	2
5175	2
5176	1
5177	4
5178	4
5179	3
5180	6
5182	3
5183	2
5184	4
5185	3
5186	1
5187	4
5188	4
5189	2
5190	2
5191	5
5192	1
5193	2
5194	1
5195	1
5196	1
5197	1
5198	4
5199	4
5200	6
5201	2
5202	2
5203	2
5204	2
5205	5
5206	3
5207	6
5208	1
5209	4
5210	1
5211	2
5213	4
5214	6
5215	1
5216	1
5217	4
5218	3
5219	6
5220	3
5221	1
5222	1
5223	4
5225	1
5226	3
5227	1
5228	4
5229	5
5230	2
5231	2
5232	4
5233	5
5235	6
5236	1
5237	2
5238	1
5239	6
5240	3
5242	2
5243	3
5244	3
5245	1
5246	1
5247	3
5248	2
5249	2
5250	4
5251	2
5252	5
5253	1
5255	6
5256	5
5257	2
5258	2
5259	5
5260	6
5261	1
5262	1
5263	4
5264	2
5266	3
5267	1
5269	5
5270	6
5271	2
5272	4
5273	2
5274	1
5275	5
5276	6
5277	1
5278	2
5279	2
5280	2
5281	4
5282	1
5283	6
5284	5
5285	3
5287	4
5288	4
5289	2
5290	2
5291	1
5292	2
5293	6
5294	6
5295	4
5296	2
5298	6
5299	1
5300	2
5301	4
5302	1
5303	6
5304	6
5305	1
5306	1
5307	3
5308	4
5309	2
5311	4
5312	5
5313	2
5315	4
5316	1
5317	6
5319	5
5320	3
5321	3
5322	6
5323	1
5324	2
5325	5
5326	4
5327	1
5328	1
5329	4
5331	6
5332	6
5333	2
5334	2
5335	1
5336	2
5337	5
5338	1
5339	5
5340	4
5341	3
5342	4
5343	1
5344	1
5345	2
5346	2
5347	6
5348	5
5349	2
5350	2
5352	2
5353	3
5354	2
5355	2
5356	3
5357	2
5358	3
5359	1
5360	4
5361	5
5362	6
5363	4
5364	1
5365	1
5366	1
5368	5
5369	2
5370	2
5371	4
5372	1
5374	6
5375	2
5376	4
5377	4
5378	6
5379	4
5380	4
5382	2
5383	1
5384	4
5385	3
5386	6
5387	4
5388	5
5389	4
5390	4
5391	6
5392	6
5393	2
5395	1
5396	2
5397	4
5398	2
5399	3
5400	4
5401	4
5402	6
5403	5
5404	2
5405	6
5406	6
5407	1
5408	6
5409	4
5411	2
5413	6
5414	4
5415	3
5416	6
5417	5
5419	1
5420	4
5421	6
5422	4
5423	4
5424	2
5426	4
5427	6
5428	2
5429	1
5430	4
5431	4
5432	4
5433	6
5434	2
5435	4
5436	6
5437	4
5438	1
5439	2
5440	1
5441	2
5442	6
5443	6
5444	6
5446	6
5447	1
5448	4
5449	6
5450	2
5451	1
5452	6
5453	2
5455	5
5456	5
5457	5
5458	6
5459	2
5460	5
5461	3
5462	6
5464	1
5465	6
5466	1
5467	4
5468	2
5469	1
5471	6
5472	6
5474	1
5475	6
5477	1
5478	2
5480	2
5481	2
5482	6
5483	5
5484	4
5485	6
5487	5
5488	4
5489	3
5490	1
5491	6
5492	1
5493	4
5494	3
5496	2
5497	6
5498	3
5499	6
5500	4
5501	3
5503	2
5504	1
5505	1
5507	4
5509	3
5511	4
5512	5
5513	4
5514	4
5515	1
5516	6
5517	6
5518	1
5519	2
5520	6
5521	2
5522	1
5523	2
5524	2
5525	2
5526	2
5527	6
5528	5
5529	5
5530	2
5531	4
5532	2
5534	4
5535	6
5536	4
5537	4
5538	1
5539	6
5540	6
5541	1
5542	1
5543	5
5544	5
5545	6
5546	1
5547	4
5548	5
5549	2
5550	1
5551	5
5552	4
5553	1
5554	4
5555	1
5556	2
5557	1
5558	2
5559	6
5560	4
5561	4
5562	3
5563	5
5564	6
5565	1
5566	5
5567	1
5568	1
5569	2
5570	4
5571	4
5572	2
5573	4
5574	2
5575	4
5576	1
5577	1
5578	1
5579	1
5580	2
5581	4
5582	2
5583	1
5584	4
5585	4
5586	1
5587	4
5588	2
5589	5
5591	2
5592	4
5593	1
5594	4
5596	6
5597	2
5598	5
5599	6
5600	3
5601	1
5602	2
5603	4
5604	2
5605	4
5606	2
5607	2
5608	6
5609	2
5610	2
5611	2
5612	6
5614	2
5615	4
5616	6
5617	2
5618	5
5619	4
5620	1
5621	5
5622	4
5623	2
5624	1
5625	2
5626	6
5627	4
5628	6
5629	6
5631	4
5632	4
5633	4
5634	4
5635	3
5637	1
5638	5
5640	6
5641	4
5642	3
5643	3
5644	1
5646	6
5647	1
5648	4
5649	2
5650	5
5651	2
5652	6
5653	1
5654	1
5656	6
5657	4
5658	1
5659	4
5660	4
5661	4
5662	1
5664	1
5665	4
5666	4
5667	2
5668	6
5670	2
5671	6
5673	4
5674	2
5675	2
5676	3
5677	1
5678	2
5679	4
5680	3
5681	2
5682	2
5683	1
5684	3
5685	4
5686	4
5687	3
5688	2
5689	5
5690	4
5692	2
5693	4
5694	3
5695	2
5696	2
5697	4
5698	5
5699	1
5701	6
5702	2
5703	2
5704	1
5705	4
5706	4
5707	3
5708	1
5709	1
5710	1
5711	2
5712	4
5713	5
5714	1
5715	3
5716	1
5717	1
5718	2
5719	4
5720	1
5721	1
5722	6
5723	4
5724	6
5725	1
5726	2
5727	6
5728	4
5730	2
5731	4
5732	1
5734	5
5735	2
5736	6
5737	6
5738	3
5739	1
5740	2
5741	1
5742	4
5743	6
5744	2
5745	1
5747	1
5748	2
5749	1
5750	1
5751	2
5752	2
5753	4
5754	4
5755	2
5756	6
5757	5
5758	2
5759	5
5760	5
5761	4
5762	4
5763	6
5764	4
5765	3
5766	4
5767	3
5768	2
5769	4
5770	4
5771	2
5772	2
5773	2
5774	5
5775	1
5776	1
5777	5
5779	6
5780	5
5781	6
5782	1
5783	2
5785	1
5786	2
5787	4
5788	1
5789	1
5790	2
5792	2
5793	1
5794	1
5795	6
5796	1
5797	1
5798	4
5799	4
5800	1
5801	4
5802	3
5803	4
5804	4
5807	3
5810	4
5811	4
5813	4
5814	1
5815	2
5817	3
5818	4
5819	1
5820	2
5821	4
5822	1
5823	4
5824	5
5825	2
5826	5
5827	3
5828	1
5829	1
5830	6
5831	3
5832	2
5833	1
5834	4
5835	1
5836	6
5837	5
5838	5
5839	1
5840	5
5841	3
5842	4
5843	6
5844	5
5845	1
5846	3
5847	2
5848	3
5850	6
5851	1
5852	4
5853	4
5854	3
5855	2
5857	1
5858	6
5859	1
5860	1
5861	4
5862	4
5863	2
5864	4
5865	1
5866	4
5867	1
5868	2
5869	1
5870	4
5871	1
5872	4
5873	6
5876	4
5877	2
5878	2
5879	1
5880	3
5881	1
5883	4
5884	4
5885	3
5886	4
5887	6
5888	4
5889	2
5890	4
5891	2
5892	5
5893	5
5894	5
5895	2
5897	5
5898	4
5899	6
5900	3
5901	2
5902	3
5903	6
5904	5
5905	4
5906	2
5907	5
5908	5
5909	6
5910	2
5911	3
5912	2
5913	2
5914	2
5915	2
5916	4
5917	1
5918	1
5919	4
5921	4
5922	1
5923	1
5925	6
5926	1
5927	1
5928	4
5929	4
5930	1
5931	4
5932	2
5933	2
5934	1
5935	6
5938	1
5939	2
5940	4
5941	5
5942	2
5944	1
5945	1
5946	1
5947	4
5948	1
5949	6
5951	6
5952	3
5953	1
5954	4
5955	4
5956	4
5957	4
5958	4
5959	4
5960	2
5961	3
5962	6
5963	6
5964	2
5965	2
5966	2
5968	5
5969	1
5970	2
5971	4
5972	5
5973	4
5974	2
5975	4
5976	6
5977	5
5978	2
5979	6
5980	2
5981	4
5982	1
5984	2
5985	6
5986	4
5987	2
5988	2
5989	4
5990	1
5991	2
5992	1
5993	3
5994	4
5995	5
5996	4
5997	1
5998	1
5999	5
6000	4
6001	1
6002	1
6003	4
6005	4
6007	4
6008	6
6009	1
6010	4
6011	6
6012	6
6013	4
6014	5
6015	5
6016	6
6017	4
6018	2
6019	4
6020	5
6021	1
6022	5
6023	5
6024	2
6025	6
6026	6
6027	1
6028	6
6029	6
6031	2
6032	6
6033	2
6034	5
6035	6
6037	1
6038	3
6041	4
6042	1
6043	2
6044	2
6045	3
6046	1
6047	2
6048	4
6049	2
6050	2
6051	4
6052	2
6053	4
6054	5
6056	4
6057	2
6058	1
6059	5
6060	1
6061	6
6062	4
6063	3
6064	3
6065	6
6066	2
6067	3
6068	6
6069	1
6070	4
6071	6
6073	4
6074	6
6075	4
6076	4
6077	1
6078	2
6079	4
6080	6
6081	5
6082	1
6083	1
6085	2
6086	2
6088	5
6089	2
6090	1
6091	6
6092	4
6093	4
6094	4
6095	1
6096	4
6097	2
6098	4
6099	1
6100	1
6101	2
6102	6
6103	2
6104	4
6105	4
6106	1
6107	1
6108	2
6109	2
6110	3
6111	2
6112	4
6113	5
6116	1
6118	4
6119	1
6120	3
6121	5
6122	4
6123	1
6124	6
6125	1
6126	1
6127	2
6128	6
6129	6
6130	6
6131	4
6132	4
6133	2
6134	1
6135	6
6136	4
6137	4
6138	1
6139	2
6140	1
6141	2
6142	6
6143	2
6144	3
6145	6
6146	1
6147	4
6148	5
6149	2
6150	5
6151	6
6152	5
6153	4
6154	3
6155	5
6157	1
6158	2
6159	4
6160	3
6161	4
6162	2
6164	6
6165	4
6166	1
6167	5
6169	1
6170	4
6171	5
6172	5
6173	1
6174	4
6175	6
6176	4
6177	4
6178	4
6179	1
6182	6
6183	3
6184	4
6185	4
6186	5
6187	2
6188	4
6190	2
6191	6
6192	2
6194	2
6195	2
6196	4
6197	2
6198	5
6199	4
6200	2
6202	4
6204	4
6205	1
6206	1
6207	1
6208	1
6209	5
6210	3
6211	1
6212	2
6213	1
6214	6
6215	4
6216	2
6217	1
6219	4
6220	6
6222	2
6223	2
6224	4
6225	3
6226	4
6227	5
6228	2
6229	4
6230	1
6231	2
6232	2
6233	2
6235	3
6236	6
6237	1
6239	2
6240	6
6241	1
6242	2
6243	3
6244	1
6245	1
6246	2
6247	1
6248	3
6249	6
6250	6
6251	1
6252	4
6253	2
6254	2
6256	5
6257	6
6260	3
6261	4
6262	3
6263	4
6264	1
6265	2
6266	6
6267	6
6268	1
6269	6
6270	2
6273	1
6274	2
6275	1
6276	4
6277	6
6278	5
6279	1
6281	1
6282	2
6283	1
6284	1
6285	1
6286	5
6287	1
6288	1
6289	1
6290	1
6291	4
6292	1
6293	5
6295	3
6296	4
6297	3
6298	3
6299	4
6300	4
6301	6
6302	6
6303	4
6304	2
6305	1
6306	5
6307	6
6308	6
6309	1
6310	2
6311	6
6313	5
6314	4
6315	2
6316	3
6317	6
6318	1
6319	2
6321	2
6322	2
6323	4
6324	3
6326	2
6327	1
6328	3
6329	2
6330	4
6331	2
6332	1
6333	6
6335	2
6336	3
6337	2
6338	6
6339	1
6340	4
6341	1
6342	1
6344	1
6345	1
6347	2
6348	2
6349	4
6350	2
6351	2
6352	4
6353	2
6354	2
6355	1
6357	2
6358	3
6359	2
6361	2
6362	4
6363	1
6364	6
6365	4
6366	2
6367	3
6368	1
6369	4
6371	4
6373	1
6374	1
6376	5
6377	3
6378	1
6379	1
6380	6
6381	2
6382	2
6383	5
6384	4
6385	4
6386	2
6387	6
6388	4
6389	1
6390	1
6391	2
6393	3
6394	2
6395	1
6396	2
6397	2
6398	1
6399	4
6400	4
6401	2
6402	2
6403	2
6404	1
6405	4
6406	1
6407	1
6408	3
6409	1
6410	2
6411	5
6412	2
6413	4
6414	3
6415	2
6416	3
6418	6
6419	1
6420	4
6421	4
6422	2
6423	2
6424	5
6425	6
6426	5
6427	6
6429	2
6430	6
6431	1
6432	3
6433	3
6434	4
6435	3
6436	1
6437	2
6438	3
6439	1
6440	6
6441	1
6442	2
6444	6
6445	2
6446	4
6447	4
6448	1
6449	2
6450	3
6451	4
6452	3
6453	4
6455	1
6456	6
6457	1
6458	5
6459	2
6460	4
6461	6
6462	1
6463	2
6464	5
6466	4
6467	2
6468	4
6469	4
6470	2
6471	1
6472	1
6473	6
6474	4
6475	4
6477	1
6478	4
6479	5
6480	4
6481	1
6482	1
6483	5
6484	1
6485	1
6486	5
6487	4
6488	1
6489	4
6490	4
6491	3
6492	1
6493	4
6494	2
6495	5
6496	3
6497	3
6498	4
6499	2
6500	1
6501	6
6502	6
6503	2
6504	1
6505	6
6506	6
6507	1
6508	2
6510	3
6511	5
6512	4
6513	6
6514	4
6515	2
6516	2
6517	5
6518	1
6519	6
6520	4
6521	6
6522	4
6523	4
6524	2
6525	3
6526	1
6527	2
6528	1
6529	5
6530	1
6531	4
6532	5
6533	1
6534	6
6535	2
6536	2
6537	1
6538	4
6539	1
6540	2
6541	1
6542	6
6543	4
6545	1
6547	6
6548	5
6551	4
6552	1
6553	1
6554	1
6555	4
6556	6
6557	6
6558	3
6560	2
6561	2
6562	6
6563	1
6564	6
6566	5
6567	6
6568	1
6569	2
6570	4
6571	2
6572	2
6573	2
6574	2
6575	2
6576	4
6577	4
6579	1
6581	1
6582	1
6583	1
6584	4
6585	5
6586	4
6587	3
6588	1
6589	1
6590	2
6591	5
6592	5
6593	2
6594	4
6595	2
6596	6
6597	4
6598	4
6599	4
6600	1
6601	2
6602	2
6603	4
6604	3
6605	6
6606	2
6607	4
6608	6
6609	2
6610	1
6611	1
6612	4
6614	3
6615	5
6616	3
6617	2
6619	5
6620	2
6621	4
6622	6
6624	4
6625	5
6626	3
6627	6
6628	2
6629	5
6630	6
6631	2
6632	1
6633	6
6635	2
6636	1
6637	2
6638	5
6639	4
6642	2
6643	4
6644	2
6645	1
6646	4
6647	4
6648	2
6649	5
6650	1
6651	5
6652	2
6653	4
6654	4
6655	2
6657	2
6658	2
6659	1
6661	1
6662	3
6663	4
6664	2
6665	6
6666	2
6667	5
6668	2
6669	3
6671	2
6672	4
6673	6
6674	4
6675	4
6676	3
6677	6
6678	6
6679	1
6680	5
6681	3
6682	1
6683	6
6684	4
6686	6
6687	2
6688	6
6689	2
6690	1
6691	3
6692	4
6693	3
6694	6
6695	2
6696	5
6697	1
6698	1
6699	1
6700	2
6701	1
6702	1
6704	2
6705	1
6706	1
6707	2
6708	1
6709	6
6710	3
6711	4
6712	6
6713	1
6714	1
6715	1
6716	4
6717	4
6718	3
6719	5
6720	4
6721	4
6723	6
6724	3
6725	1
6726	4
6727	4
6728	1
6729	4
6730	1
6731	1
6732	4
6733	2
6734	5
6735	4
6736	4
6737	1
6738	5
6739	2
6741	5
6742	5
6743	1
6744	2
6745	4
6746	4
6747	4
6748	2
6750	4
6751	4
6752	2
6754	1
6755	3
6756	2
6757	1
6758	1
6759	6
6760	4
6761	2
6762	2
6763	4
6764	2
6765	4
6766	2
6767	4
6768	1
6769	2
6770	5
6771	1
6772	1
6773	1
6774	1
6775	2
6776	4
6777	1
6778	1
6779	2
6781	4
6782	4
6783	1
6784	2
6785	5
6786	5
6787	1
6788	4
6790	4
6791	1
6792	2
6793	4
6794	4
6795	4
6797	4
6798	3
6799	2
6801	2
6803	2
6804	4
6805	4
6806	2
6807	1
6808	2
6809	4
6810	1
6812	3
6813	6
6814	1
6815	1
6816	6
6817	4
6818	4
6819	1
6820	4
6821	5
6822	1
6823	6
6824	6
6825	4
6826	1
6827	2
6828	1
6829	6
6831	4
6832	4
6833	4
6834	5
6835	5
6836	1
6837	2
6838	6
6839	5
6840	2
6841	4
6842	6
6843	6
6844	6
6845	4
6846	3
6847	6
6848	1
6849	1
6850	1
6851	2
6852	1
6853	3
6854	2
6855	2
6856	6
6857	6
6858	4
6859	2
6860	6
6861	2
6862	2
6863	1
6864	4
6865	1
6866	3
6867	3
6869	5
6870	6
6871	3
6872	6
6873	4
6874	1
6875	2
6876	4
6877	3
6879	2
6880	2
6881	1
6882	2
6883	2
6884	6
6885	4
6886	1
6887	1
6888	6
6889	2
6890	4
6892	4
6893	1
6894	2
6895	2
6896	6
6897	4
6898	2
6899	6
6900	3
6901	4
6903	4
6904	2
6905	2
6906	5
6907	6
6908	6
6909	6
6910	4
6911	2
6912	4
6913	4
6914	1
6915	1
6916	3
6917	5
6918	5
6919	5
6920	6
6921	2
6922	2
6923	2
6924	1
6925	6
6926	1
6927	1
6928	2
6930	5
6931	1
6932	4
6934	2
6935	6
6936	2
6937	4
6938	1
6939	6
6940	2
6941	2
6942	1
6943	1
6944	4
6945	3
6946	6
6947	4
6948	1
6949	4
6950	1
6951	1
6952	2
6953	2
6954	1
6955	3
6956	2
6957	4
6958	1
6959	2
6960	3
6961	1
6962	4
6964	4
6965	5
6966	4
6967	3
6968	1
6969	4
6970	2
6971	2
6972	4
6973	6
6974	1
6975	3
6976	1
6977	2
6979	6
6980	4
6981	4
6982	1
6983	2
6984	6
6985	2
6987	2
6988	5
6989	1
6990	6
6991	3
6993	2
6996	3
6997	4
6998	2
7000	2
7001	1
7002	3
7004	5
7005	2
7006	6
7009	2
7010	2
7011	2
7012	6
7013	5
7014	1
7015	6
7016	4
7017	3
7018	3
7020	3
7022	5
7023	2
7024	2
7025	2
7026	2
7027	5
7028	3
7029	4
7030	5
7031	4
7032	2
7033	2
7034	3
7035	1
7036	3
7037	4
7038	5
7039	1
7040	4
7041	1
7042	1
7043	4
7044	6
7045	4
7047	4
7048	3
7049	1
7050	1
7051	6
7052	2
7053	5
7054	4
7055	6
7056	3
7057	4
7058	1
7059	1
7060	5
7061	2
7062	1
7063	1
7064	1
7065	2
7066	4
7067	4
7068	1
7069	6
7070	3
7072	1
7073	3
7074	2
7075	5
7076	4
7077	1
7078	2
7079	2
7082	5
7083	2
7084	5
7085	2
7086	6
7087	4
7088	4
7089	2
7090	2
7091	2
7092	1
7094	5
7095	2
7098	3
7099	5
7100	4
7101	2
7102	4
7103	1
7104	2
7105	3
7106	1
7107	4
7108	2
7109	4
7110	6
7111	2
7112	1
7113	1
7114	2
7115	1
7116	4
7117	3
7118	2
7119	1
7120	2
7121	5
7122	1
7123	4
7124	2
7125	4
7126	4
7127	3
7128	2
7129	2
7130	5
7131	1
7132	2
7133	1
7134	1
7135	2
7136	4
7137	5
7138	2
7139	2
7140	3
7142	1
7143	2
7144	2
7145	6
7146	5
7147	1
7149	2
7150	4
7151	2
7152	6
7153	2
7154	5
7155	4
7156	2
7157	2
7158	2
7159	6
7161	1
7162	1
7163	1
7165	1
7166	6
7167	4
7168	4
7169	1
7170	2
7171	5
7172	6
7173	4
7174	6
7175	2
7176	4
7177	2
7178	2
7179	4
7180	4
7181	2
7182	6
7183	6
7185	4
7186	1
7187	2
7188	2
7190	2
7191	1
7192	4
7193	4
7194	3
7195	1
7196	2
7197	1
7198	1
7199	1
7201	4
7202	5
7203	1
7204	6
7205	1
7206	1
7207	6
7208	4
7209	1
7210	1
7211	1
7212	4
7213	2
7214	5
7215	2
7216	2
7217	6
7218	2
7219	4
7220	5
7222	6
7223	6
7224	1
7225	2
7226	1
7227	4
7228	4
7229	4
7230	4
7231	2
7232	6
7233	2
7234	4
7235	2
7236	6
7238	4
7239	4
7240	1
7242	1
7243	3
7244	6
7245	2
7246	2
7247	1
7248	1
7249	2
7250	3
7251	6
7252	2
7253	6
7254	1
7255	1
7256	4
7257	1
7258	3
7259	2
7260	1
7261	6
7262	3
7265	4
7267	6
7268	1
7269	4
7270	1
7271	6
7272	1
7273	1
7275	1
7276	3
7277	1
7278	2
7279	3
7280	6
7281	1
7283	4
7284	2
7285	3
7286	4
7287	5
7288	4
7290	6
7293	1
7294	4
7295	3
7296	4
7297	2
7298	3
7299	6
7300	4
7301	4
7303	2
7304	4
7305	1
7306	2
7307	6
7308	6
7309	2
7310	6
7311	1
7312	4
7313	6
7314	4
7315	3
7316	2
7317	6
7318	5
7319	3
7321	6
7322	3
7323	1
7324	2
7325	1
7326	1
7327	3
7328	1
7329	5
7330	4
7331	4
7332	2
7333	4
7334	4
7335	6
7337	2
7338	2
7339	1
7340	1
7342	3
7343	2
7344	4
7345	3
7346	4
7347	2
7349	4
7350	4
7351	1
7352	4
7353	1
7354	1
7355	2
7356	2
7357	3
7358	2
7359	2
7360	3
7363	4
7364	6
7365	5
7366	2
7367	2
7368	2
7369	3
7370	1
7371	1
7372	3
7373	2
7374	4
7375	1
7376	6
7377	4
7378	1
7379	5
7380	6
7381	1
7382	4
7383	4
7384	6
7386	1
7387	2
7388	2
7389	1
7390	2
7391	1
7392	6
7393	1
7394	4
7396	1
7397	3
7398	2
7399	6
7400	1
7402	4
7403	5
7404	1
7405	1
7406	4
7407	1
7408	1
7409	1
7411	1
7412	2
7413	1
7414	4
7415	4
7416	1
7417	1
7418	5
7419	5
7420	1
7421	4
7422	3
7423	4
7425	4
7426	1
7427	5
7428	4
7429	5
7430	4
7431	6
7432	1
7433	6
7434	4
7435	3
7436	4
7439	4
7440	6
7441	1
7443	2
7444	3
7445	4
7446	1
7447	2
7448	4
7449	3
7451	4
7452	5
7453	1
7454	5
7455	1
7456	6
7457	4
7458	1
7459	2
7460	2
7461	3
7462	2
7463	2
7464	6
7465	2
7466	1
7467	4
7468	4
7470	6
7471	2
7472	4
7473	4
7474	3
7475	2
7476	6
7477	2
7478	6
7479	2
7480	1
7481	1
7482	2
7483	6
7484	4
7485	2
7486	1
7487	1
7488	4
7489	2
7490	1
7492	4
7493	4
7494	6
7495	2
7497	2
7498	1
7499	2
7501	4
7502	2
7503	2
7504	2
7505	1
7506	6
7507	1
7508	4
7509	1
7511	2
7512	6
7513	2
7514	1
7515	1
7516	1
7517	2
7518	6
7519	4
7520	1
7521	1
7522	5
7523	4
7524	3
7525	1
7526	3
7527	1
7528	2
7529	5
7530	1
7531	1
7532	2
7533	4
7535	1
7536	2
7537	6
7538	1
7539	1
7540	1
7542	1
7543	2
7544	1
7545	1
7546	1
7547	6
7548	1
7549	5
7550	4
7551	6
7552	6
7553	6
7555	4
7556	4
7557	2
7558	4
7559	2
7560	1
7561	2
7562	6
7563	2
7564	1
7565	2
7566	1
7567	4
7568	1
7571	1
7572	5
7574	6
7575	1
7576	3
7577	4
7578	4
7579	1
7580	2
7581	2
7582	2
7583	2
7584	3
7586	2
7587	1
7588	1
7589	4
7590	5
7591	2
7593	6
7595	1
7596	5
7597	4
7598	1
7599	3
7601	6
7602	6
7604	2
7606	4
7607	4
7609	6
7610	1
7611	2
7612	4
7613	2
7615	2
7616	1
7617	6
7618	5
7619	4
7620	4
7621	2
7623	1
7624	1
7625	3
7626	1
7627	6
7628	3
7629	2
7630	1
7632	1
7633	3
7636	5
7637	2
7638	4
7639	1
7640	1
7641	6
7643	2
7644	6
7645	2
7646	2
7648	1
7649	4
7650	2
7652	2
7653	5
7654	6
7655	5
7658	6
7659	3
7660	4
7661	1
7662	4
7663	1
7665	2
7667	4
7668	2
7669	4
7670	2
7671	5
7673	2
7674	3
7675	2
7676	2
7677	2
7678	2
7679	3
7680	4
7681	6
7683	2
7684	4
7685	2
7687	4
7688	4
7689	1
7690	4
7691	1
7692	2
7693	2
7694	1
7695	1
7696	1
7697	2
7698	2
7699	2
7702	6
7703	2
7704	2
7706	4
7707	1
7708	1
7709	2
7710	6
7711	1
7712	2
7713	4
7714	4
7715	5
7717	2
7718	5
7719	2
7720	2
7721	6
7722	2
7723	1
7724	4
7725	1
7726	2
7727	3
7729	1
7730	2
7731	4
7732	1
7733	2
7734	1
7735	2
7736	2
7737	6
7738	1
7739	2
7740	1
7741	1
7742	2
7743	2
7744	5
7745	6
7746	1
7748	1
7749	1
7750	1
7752	6
7753	6
7754	4
7755	2
7756	1
7757	1
7758	4
7759	6
7760	1
7761	3
7763	5
7764	4
7766	6
7768	6
7769	2
7771	4
7773	3
7774	5
7775	2
7776	1
7777	5
7778	5
7779	1
7780	6
7781	2
7782	4
7783	2
7784	2
7785	1
7786	3
7788	2
7789	1
7791	4
7792	5
7793	2
7794	1
7795	2
7796	3
7797	4
7798	4
7799	2
7800	1
7801	2
7802	1
7804	2
7805	5
7807	2
7808	5
7809	4
7810	6
7813	3
7814	2
7815	6
7816	2
7817	1
7818	2
7819	4
7820	1
7821	4
7822	2
7823	1
7824	3
7825	4
7826	4
7827	6
7828	6
7829	4
7830	1
7831	2
7832	6
7833	2
7834	1
7835	1
7837	5
7838	4
7839	4
7840	1
7841	1
7842	1
7843	5
7844	2
7845	1
7846	6
7847	4
7848	1
7849	3
7850	1
7851	2
7852	3
7854	5
7855	2
7856	5
7857	1
7858	3
7859	5
7860	4
7861	4
7862	1
7863	2
7864	5
7865	1
7866	4
7868	6
7870	5
7871	6
7872	6
7873	1
7874	3
7875	6
7876	1
7877	5
7878	5
7881	6
7882	3
7883	2
7884	4
7885	2
7886	2
7887	6
7888	2
7889	6
7890	1
7891	2
7892	4
7893	4
7895	2
7897	5
7898	1
7900	2
7901	2
7902	4
7903	6
7904	3
7905	1
7906	4
7907	5
7908	1
7909	2
7910	2
7911	4
7912	1
7913	2
7914	6
7915	2
7916	3
7917	2
7918	6
7919	4
7920	1
7921	2
7922	2
7923	1
7924	1
7925	2
7926	2
7927	6
7928	3
7929	4
7931	6
7932	2
7933	1
7935	1
7936	6
7937	6
7938	5
7939	2
7940	1
7941	3
7942	2
7943	3
7944	1
7945	6
7947	4
7948	4
7949	4
7950	1
7951	6
7952	6
7954	1
7955	4
7956	6
7957	6
7958	1
7959	6
7960	3
7961	2
7962	1
7963	1
7965	1
7966	4
7967	2
7968	4
7969	4
7971	4
7972	6
7973	1
7974	1
7975	2
7976	2
7978	1
7980	6
7981	2
7982	5
7983	1
7984	2
7985	4
7986	5
7988	6
7989	6
7990	1
7991	2
7992	2
7993	4
7994	4
7995	3
7998	2
7999	2
8000	2
