1	1
2	1
3	1
4	1
5	1
6	1
7	1
8	1
9	1
10	1
11	1
12	1
13	1
14	1
15	1
16	1
17	1
18	1
19	1
20	1
21	1
22	1
23	1
24	1
25	1
26	1
27	1
28	1
29	1
30	1
31	1
32	1
33	1
34	1
35	1
36	1
37	1
38	1
39	1
40	1
41	1
42	1
43	1
44	1
45	1
46	1
47	1
48	1
49	1
50	1
51	1
52	1
53	1
54	1
55	1
56	1
57	1
58	1
59	1
60	1
61	1
62	1
63	1
64	1
65	1
66	1
67	1
68	1
69	1
70	1
71	1
72	1
73	1
74	1
75	1
76	1
77	1
78	1
79	1
80	1
81	1
82	1
83	1
84	1
85	1
86	1
87	1
88	1
89	1
90	1
91	1
92	1
93	1
94	1
95	1
96	1
97	1
98	1
99	1
100	1
101	1
102	1
103	1
104	1
105	1
106	1
107	1
108	1
109	1
110	1
111	1
112	1
113	1
114	1
115	1
116	1
117	1
118	1
119	1
120	1
121	1
122	1
123	1
124	1
125	1
126	1
127	1
128	1
129	1
130	1
131	1
132	1
133	1
134	1
135	1
136	1
137	1
138	1
139	1
140	1
141	1
142	1
143	1
144	1
145	1
146	1
147	1
148	1
149	1
150	1
151	1
152	1
153	1
154	1
155	1
156	1
157	1
158	1
159	1
160	1
161	1
162	1
163	1
164	1
165	1
166	1
167	1
168	1
169	1
170	1
171	1
172	1
173	1
174	1
175	1
176	1
177	1
178	1
179	1
180	1
181	1
182	1
183	1
184	1
185	1
186	1
187	1
188	1
189	1
190	1
191	1
192	1
193	1
194	1
195	1
196	1
197	1
198	1
199	1
200	1
201	1
202	1
203	1
204	1
205	1
206	1
207	1
208	1
209	1
210	1
211	1
212	1
213	1
214	1
215	1
216	1
217	1
218	1
219	1
220	1
221	1
222	1
223	1
224	1
225	1
226	1
227	1
228	1
229	1
230	1
231	1
232	1
233	1
234	1
235	1
236	1
237	1
238	1
239	1
240	1
241	1
242	1
243	1
244	1
245	1
246	1
247	1
248	1
249	1
250	1
251	1
252	1
253	1
254	1
255	1
256	1
257	1
258	1
259	1
260	1
261	1
262	1
263	1
264	1
265	1
266	1
267	1
268	1
269	1
270	1
271	1
272	1
273	1
274	1
275	1
276	1
277	1
278	1
279	1
280	1
281	1
282	1
283	1
284	1
285	1
286	1
287	1
288	1
289	1
290	1
291	1
292	1
293	1
294	1
295	1
296	1
297	1
298	1
299	1
300	1
301	1
302	1
303	1
304	1
305	1
306	1
307	1
308	1
309	1
310	1
311	1
312	1
313	1
314	1
315	1
316	1
317	1
318	1
319	1
320	1
321	1
322	1
323	1
324	1
325	1
326	1
327	1
328	1
329	1
330	1
331	1
332	1
333	1
334	1
335	1
336	1
337	1
338	1
339	1
340	1
341	1
342	1
343	1
344	1
345	1
346	1
347	1
348	1
349	1
350	1
351	1
352	1
353	1
354	1
355	1
356	1
357	1
358	1
359	1
360	1
361	1
362	1
363	1
364	1
365	1
366	1
367	1
368	1
369	1
370	1
371	1
372	1
373	1
374	1
375	1
376	1
377	1
378	1
379	1
380	1
381	1
382	1
383	1
384	1
385	1
386	1
387	1
388	1
389	1
390	1
391	1
392	1
393	1
394	1
395	1
396	1
397	1
398	1
399	1
400	1
401	1
402	1
403	1
404	1
405	1
406	1
407	1
408	1
409	1
410	1
411	1
412	1
413	1
414	1
415	1
416	1
417	1
418	1
419	1
420	1
421	1
422	1
423	1
424	1
425	1
426	1
427	1
428	1
429	1
430	1
431	1
432	1
433	1
434	1
435	1
436	1
437	1
438	1
439	1
440	1
441	1
442	1
443	1
444	1
445	1
446	1
447	1
448	1
449	1
450	1
451	1
452	1
453	1
454	1
455	1
456	1
457	1
458	1
459	1
460	1
461	1
462	1
463	1
464	1
465	1
466	1
467	1
468	1
469	1
470	1
471	1
472	1
473	1
474	1
475	1
476	1
477	1
478	1
479	1
480	1
481	1
482	1
483	1
484	1
485	1
486	1
487	1
488	1
489	1
490	1
491	1
492	1
493	1
494	1
495	1
496	1
497	1
498	1
499	1
500	1
501	1
502	1
503	1
504	1
505	1
506	1
507	1
508	1
509	1
510	1
511	1
512	1
513	1
514	1
515	1
516	1
517	1
518	1
519	1
520	1
521	1
522	1
523	1
524	1
525	1
526	1
527	1
528	1
529	1
530	1
531	1
532	1
533	1
534	1
535	1
536	1
537	1
538	1
539	1
540	1
541	1
542	1
543	1
544	1
545	1
546	1
547	1
548	1
549	1
550	1
551	1
552	1
553	1
554	1
555	1
556	1
557	1
558	1
559	1
560	1
561	1
562	1
563	1
564	1
565	1
566	2
567	2
568	2
569	2
570	2
571	2
572	2
573	2
574	2
575	2
576	2
577	2
578	2
579	2
580	2
581	2
582	2
583	2
584	2
585	2
586	2
587	2
588	2
589	2
590	2
591	2
592	2
593	2
594	2
595	2
596	2
597	2
598	2
599	2
600	2
601	2
602	2
603	2
604	2
605	2
606	2
607	2
608	2
609	2
610	2
611	2
612	2
613	2
614	2
615	2
616	2
617	2
618	2
619	2
620	2
621	2
622	2
623	2
624	2
625	2
626	2
627	2
628	2
629	2
630	2
631	2
632	2
633	2
634	2
635	2
636	2
637	2
638	2
639	2
640	2
641	2
642	2
643	2
644	2
645	2
646	2
647	2
648	2
649	2
650	2
651	2
652	2
653	2
654	2
655	2
656	2
657	2
658	2
659	2
660	2
661	2
662	2
663	2
664	2
665	2
666	2
667	2
668	2
669	2
670	2
671	2
672	2
673	2
674	2
675	2
676	2
677	2
678	2
679	2
680	2
681	2
682	2
683	2
684	2
685	2
686	2
687	2
688	2
689	2
690	2
691	2
692	2
693	2
694	2
695	2
696	2
697	2
698	2
699	2
700	2
701	2
702	2
703	2
704	2
705	2
706	2
707	2
708	2
709	2
710	2
711	2
712	2
713	2
714	2
715	2
716	2
717	2
718	2
719	2
720	2
721	2
722	2
723	2
724	2
725	2
726	2
727	2
728	2
729	2
730	2
731	2
732	2
733	2
734	2
735	2
736	2
737	2
738	2
739	2
740	2
741	2
742	2
743	2
744	2
745	2
746	2
747	2
748	2
749	2
750	2
751	2
752	2
753	2
754	2
755	2
756	2
757	2
758	2
759	2
760	2
761	2
762	2
763	2
764	2
765	2
766	2
767	2
768	2
769	2
770	2
771	2
772	2
773	2
774	2
775	2
776	2
777	2
778	2
779	2
780	2
781	2
782	2
783	2
784	2
785	2
786	2
787	2
788	2
789	2
790	2
791	2
792	2
793	2
794	2
795	2
796	2
797	2
798	2
799	2
800	2
801	2
802	2
803	2
804	2
805	2
806	2
807	2
808	2
809	2
810	2
811	2
812	2
813	2
814	2
815	2
816	2
817	2
818	2
819	2
820	2
821	2
822	2
823	2
824	2
825	2
826	2
827	2
828	2
829	2
830	2
831	2
832	2
833	2
834	2
835	2
836	2
837	2
838	2
839	2
840	2
841	2
842	2
843	2
844	2
845	2
846	2
847	2
848	2
849	2
850	2
851	2
852	2
853	2
854	2
855	2
856	2
857	2
858	2
859	2
860	2
861	2
862	2
863	2
864	2
865	2
866	2
867	2
868	2
869	2
870	2
871	2
872	2
873	2
874	2
875	2
876	2
877	2
878	2
879	2
880	2
881	2
882	2
883	2
884	2
885	2
886	2
887	2
888	2
889	2
890	2
891	2
892	2
893	2
894	2
895	2
896	2
897	2
898	2
899	2
900	2
901	2
902	2
903	2
904	2
905	2
906	2
907	2
908	2
909	2
910	2
911	2
912	2
913	2
914	2
915	2
916	2
917	2
918	2
919	2
920	2
921	2
922	2
923	2
924	2
925	2
926	2
927	2
928	2
929	2
930	2
931	2
932	2
933	2
934	2
935	2
936	2
937	2
938	2
939	2
940	2
941	2
942	2
943	2
944	2
945	2
946	2
947	2
948	2
949	2
950	2
951	2
952	2
953	2
954	2
955	2
956	2
957	2
958	2
959	2
960	2
961	2
962	2
963	2
964	2
965	2
966	2
967	2
968	2
969	2
970	2
971	2
972	2
973	2
974	2
975	2
976	2
977	2
978	2
979	2
980	2
981	2
982	2
983	2
984	2
985	2
986	2
987	2
988	2
989	2
990	2
991	2
992	2
993	2
994	2
995	2
996	2
997	2
998	2
999	2
1000	2
1001	2
1002	2
1003	2
1004	2
1005	2
1006	2
1007	2
1008	2
1009	2
1010	2
1011	2
1012	2
1013	2
1014	2
1015	2
1016	2
1017	2
1018	2
1019	2
1020	2
1021	2
1022	2
1023	2
1024	2
1025	2
1026	2
1027	2
1028	2
1029	2
1030	2
1031	2
1032	2
1033	2
1034	2
1035	2
1036	2
1037	2
1038	2
1039	2
1040	2
1041	2
1042	2
1043	2
1044	2
1045	2
1046	2
1047	2
1048	2
1049	2
1050	2
1051	2
1052	2
1053	2
1054	2
1055	2
1056	2
1057	2
1058	2
1059	2
1060	2
1061	2
1062	2
1063	2
1064	2
1065	2
1066	2
1067	2
1068	2
1069	2
1070	2
1071	2
1072	2
1073	2
1074	2
1075	2
1076	2
1077	2
1078	2
1079	2
1080	2
1081	2
1082	2
1083	2
1084	2
1085	2
1086	2
1087	2
1088	2
1089	2
1090	2
1091	2
1092	2
1093	2
1094	2
1095	2
1096	2
1097	2
1098	2
1099	2
1100	2
1101	2
1102	2
1103	2
1104	2
1105	2
1106	2
1107	2
1108	2
1109	2
1110	2
1111	2
1112	2
1113	2
1114	2
1115	2
1116	2
1117	2
1118	2
1119	2
1120	2
1121	2
1122	2
1123	2
1124	2
1125	2
1126	2
1127	2
1128	2
1129	2
1130	2
1131	2
1132	3
1133	3
1134	3
1135	3
1136	3
1137	3
1138	3
1139	3
1140	3
1141	3
1142	3
1143	3
1144	3
1145	3
1146	3
1147	3
1148	3
1149	3
1150	3
1151	3
1152	3
1153	3
1154	3
1155	3
1156	3
1157	3
1158	3
1159	3
1160	3
1161	3
1162	3
1163	3
1164	3
1165	3
1166	3
1167	3
1168	3
1169	3
1170	3
1171	3
1172	3
1173	3
1174	3
1175	3
1176	3
1177	3
1178	3
1179	3
1180	3
1181	3
1182	3
1183	3
1184	3
1185	3
1186	3
1187	3
1188	3
1189	3
1190	3
1191	3
1192	3
1193	3
1194	3
1195	3
1196	3
1197	3
1198	3
1199	3
1200	3
1201	3
1202	3
1203	3
1204	3
1205	3
1206	3
1207	3
1208	3
1209	3
1210	3
1211	3
1212	3
1213	3
1214	3
1215	3
1216	3
1217	3
1218	3
1219	3
1220	3
1221	3
1222	3
1223	3
1224	3
1225	3
1226	3
1227	3
1228	3
1229	3
1230	3
1231	3
1232	3
1233	3
1234	3
1235	3
1236	3
1237	3
1238	3
1239	3
1240	3
1241	3
1242	3
1243	3
1244	3
1245	3
1246	3
1247	3
1248	3
1249	3
1250	3
1251	3
1252	3
1253	3
1254	3
1255	3
1256	3
1257	3
1258	3
1259	3
1260	3
1261	3
1262	3
1263	3
1264	3
1265	3
1266	3
1267	3
1268	3
1269	3
1270	3
1271	3
1272	3
1273	3
1274	3
1275	3
1276	3
1277	3
1278	3
1279	3
1280	3
1281	3
1282	3
1283	3
1284	3
1285	3
1286	3
1287	3
1288	3
1289	3
1290	3
1291	3
1292	3
1293	3
1294	3
1295	3
1296	3
1297	3
1298	3
1299	3
1300	3
1301	3
1302	3
1303	3
1304	3
1305	3
1306	3
1307	3
1308	3
1309	3
1310	3
1311	3
1312	3
1313	3
1314	3
1315	3
1316	3
1317	3
1318	3
1319	3
1320	3
1321	3
1322	3
1323	3
1324	3
1325	3
1326	3
1327	3
1328	3
1329	3
1330	3
1331	3
1332	3
1333	3
1334	3
1335	3
1336	3
1337	3
1338	3
1339	3
1340	3
1341	3
1342	3
1343	3
1344	3
1345	3
1346	3
1347	3
1348	3
1349	3
1350	3
1351	3
1352	3
1353	3
1354	3
1355	3
1356	3
1357	3
1358	3
1359	3
1360	3
1361	3
1362	3
1363	3
1364	3
1365	3
1366	3
1367	3
1368	3
1369	3
1370	3
1371	3
1372	3
1373	3
1374	3
1375	3
1376	3
1377	3
1378	3
1379	3
1380	3
1381	3
1382	3
1383	3
1384	3
1385	3
1386	3
1387	3
1388	3
1389	3
1390	3
1391	3
1392	3
1393	3
1394	3
1395	3
1396	3
1397	3
1398	3
1399	3
1400	3
1401	3
1402	3
1403	3
1404	3
1405	3
1406	3
1407	3
1408	3
1409	3
1410	3
1411	3
1412	3
1413	3
1414	3
1415	3
1416	3
1417	3
1418	3
1419	3
1420	3
1421	3
1422	3
1423	3
1424	3
1425	3
1426	3
1427	3
1428	3
1429	3
1430	3
1431	3
1432	3
1433	3
1434	3
1435	3
1436	3
1437	3
1438	3
1439	3
1440	3
1441	3
1442	3
1443	3
1444	3
1445	3
1446	3
1447	3
1448	3
1449	3
1450	3
1451	3
1452	3
1453	3
1454	3
1455	3
1456	3
1457	3
1458	3
1459	3
1460	3
1461	3
1462	3
1463	3
1464	3
1465	3
1466	3
1467	3
1468	3
1469	3
1470	3
1471	3
1472	3
1473	3
1474	3
1475	3
1476	3
1477	3
1478	3
1479	3
1480	3
1481	3
1482	3
1483	3
1484	3
1485	3
1486	3
1487	3
1488	3
1489	3
1490	3
1491	3
1492	3
1493	3
1494	3
1495	3
1496	3
1497	3
1498	3
1499	3
1500	3
1501	3
1502	3
1503	3
1504	3
1505	3
1506	3
1507	3
1508	3
1509	3
1510	3
1511	3
1512	3
1513	3
1514	3
1515	3
1516	3
1517	3
1518	3
1519	3
1520	3
1521	3
1522	3
1523	3
1524	3
1525	3
1526	3
1527	3
1528	3
1529	3
1530	3
1531	3
1532	3
1533	3
1534	3
1535	3
1536	3
1537	3
1538	3
1539	3
1540	3
1541	3
1542	3
1543	3
1544	3
1545	3
1546	3
1547	3
1548	3
1549	3
1550	3
1551	3
1552	3
1553	3
1554	3
1555	3
1556	3
1557	3
1558	3
1559	3
1560	3
1561	3
1562	3
1563	3
1564	3
1565	3
1566	3
1567	3
1568	3
1569	3
1570	3
1571	3
1572	3
1573	3
1574	3
1575	3
1576	3
1577	3
1578	3
1579	3
1580	3
1581	3
1582	3
1583	3
1584	3
1585	3
1586	3
1587	3
1588	3
1589	3
1590	3
1591	3
1592	3
1593	3
1594	3
1595	3
1596	3
1597	3
1598	3
1599	3
1600	3
1601	3
1602	3
1603	3
1604	3
1605	3
1606	3
1607	3
1608	3
1609	3
1610	3
1611	3
1612	3
1613	3
1614	3
1615	3
1616	3
1617	3
1618	3
1619	3
1620	3
1621	3
1622	3
1623	3
1624	3
1625	3
1626	3
1627	3
1628	3
1629	3
1630	3
1631	3
1632	3
1633	3
1634	3
1635	3
1636	3
1637	3
1638	3
1639	3
1640	3
1641	3
1642	3
1643	3
1644	3
1645	3
1646	3
1647	3
1648	3
1649	3
1650	3
1651	3
1652	3
1653	3
1654	3
1655	3
1656	3
1657	3
1658	3
1659	3
1660	3
1661	3
1662	3
1663	3
1664	3
1665	3
1666	3
1667	3
1668	3
1669	3
1670	3
1671	3
1672	3
1673	3
1674	3
1675	3
1676	3
1677	3
1678	3
1679	3
1680	3
1681	3
1682	3
1683	3
1684	3
1685	3
1686	3
1687	3
1688	3
1689	3
1690	3
1691	3
1692	3
1693	3
1694	3
1695	3
1696	3
1697	3
1698	3
1699	3
1700	3
1701	3
1702	3
1703	3
1704	3
1705	3
1706	3
1707	3
1708	3
1709	3
1710	3
1711	3
1712	3
1713	3
1714	3
1715	3
1716	3
1717	3
1718	3
1719	3
1720	3
1721	3
1722	3
1723	3
1724	3
1725	3
1726	3
1727	3
1728	3
1729	3
1730	3
1731	3
1732	3
1733	3
1734	3
1735	3
1736	3
1737	3
1738	3
1739	3
1740	3
1741	3
1742	3
1743	3
1744	3
1745	3
1746	3
1747	3
1748	3
1749	3
1750	3
1751	3
1752	3
1753	3
1754	3
1755	3
1756	3
1757	3
1758	3
1759	3
1760	3
1761	3
1762	3
1763	3
1764	3
1765	3
1766	3
1767	3
1768	3
1769	3
1770	3
1771	3
1772	3
1773	3
1774	3
1775	3
1776	3
1777	3
1778	3
1779	3
1780	3
1781	3
1782	3
1783	3
1784	3
1785	3
1786	3
1787	3
1788	3
1789	3
1790	3
1791	3
1792	3
1793	3
1794	3
1795	3
1796	3
1797	3
1798	3
1799	3
1800	3
1801	3
1802	3
1803	3
1804	3
1805	3
1806	3
1807	3
1808	3
1809	3
1810	3
1811	3
1812	3
1813	3
1814	3
1815	3
1816	3
1817	3
1818	3
1819	3
1820	3
1821	3
1822	3
1823	3
1824	3
1825	3
1826	3
1827	3
1828	3
1829	3
1830	3
1831	3
1832	3
1833	3
1834	3
1835	3
1836	3
1837	3
1838	3
1839	3
1840	3
1841	3
1842	3
1843	3
1844	3
1845	3
1846	3
1847	3
1848	3
1849	3
1850	3
1851	3
1852	3
1853	3
1854	3
1855	3
1856	3
1857	3
1858	3
1859	3
1860	3
1861	3
1862	3
1863	3
1864	3
1865	3
1866	3
1867	3
1868	3
1869	3
1870	3
1871	3
1872	3
1873	3
1874	3
1875	3
1876	3
1877	3
1878	3
1879	3
1880	3
1881	3
1882	3
1883	3
1884	3
1885	3
1886	3
1887	3
1888	3
1889	3
1890	3
1891	3
1892	3
1893	3
1894	3
1895	3
1896	3
1897	3
1898	3
1899	3
1900	3
1901	3
1902	3
1903	3
1904	3
1905	3
1906	3
1907	3
1908	3
1909	3
1910	3
1911	3
1912	3
1913	3
1914	3
1915	3
1916	3
1917	3
1918	3
1919	3
1920	3
1921	3
1922	3
1923	3
1924	3
1925	3
1926	3
1927	3
1928	3
1929	3
1930	3
1931	3
1932	3
1933	3
1934	3
1935	3
1936	3
1937	3
1938	3
1939	3
1940	3
1941	3
1942	3
1943	3
1944	3
1945	3
1946	3
1947	3
1948	3
1949	3
1950	3
1951	3
1952	3
1953	3
1954	3
1955	3
1956	3
1957	3
1958	3
1959	3
1960	3
1961	3
1962	3
1963	3
1964	3
1965	3
1966	3
1967	3
1968	3
1969	3
1970	3
1971	3
1972	3
1973	3
1974	3
1975	3
1976	3
1977	3
1978	3
1979	4
1980	4
1981	4
1982	4
1983	4
1984	4
1985	4
1986	4
1987	4
1988	4
1989	4
1990	4
1991	4
1992	4
1993	4
1994	4
1995	4
1996	4
1997	4
1998	4
1999	4
2000	4
2001	4
2002	4
2003	4
2004	4
2005	4
2006	4
2007	4
2008	4
2009	4
2010	4
2011	4
2012	4
2013	4
2014	4
2015	4
2016	4
2017	4
2018	4
2019	4
2020	4
2021	4
2022	4
2023	4
2024	4
2025	4
2026	4
2027	4
2028	4
2029	4
2030	4
2031	4
2032	4
2033	4
2034	4
2035	4
2036	4
2037	4
2038	4
2039	4
2040	4
2041	4
2042	4
2043	4
2044	4
2045	4
2046	4
2047	4
2048	4
2049	4
2050	4
2051	4
2052	4
2053	4
2054	4
2055	4
2056	4
2057	4
2058	4
2059	4
2060	4
2061	4
2062	4
2063	4
2064	4
2065	4
2066	4
2067	4
2068	4
2069	4
2070	4
2071	4
2072	4
2073	4
2074	4
2075	4
2076	4
2077	4
2078	4
2079	4
2080	4
2081	4
2082	4
2083	4
2084	4
2085	4
2086	4
2087	4
2088	4
2089	4
2090	4
2091	4
2092	4
2093	4
2094	4
2095	4
2096	4
2097	4
2098	4
2099	4
2100	4
2101	4
2102	4
2103	4
2104	4
2105	4
2106	4
2107	4
2108	4
2109	4
2110	4
2111	4
2112	4
2113	4
2114	4
2115	4
2116	4
2117	4
2118	4
2119	4
2120	4
2121	4
2122	4
2123	4
2124	4
2125	4
2126	4
2127	4
2128	4
2129	4
2130	4
2131	4
2132	4
2133	4
2134	4
2135	4
2136	4
2137	4
2138	4
2139	4
2140	4
2141	4
2142	4
2143	4
2144	4
2145	4
2146	4
2147	4
2148	4
2149	4
2150	4
2151	4
2152	4
2153	4
2154	4
2155	4
2156	4
2157	4
2158	4
2159	4
2160	4
2161	4
2162	4
2163	4
2164	4
2165	4
2166	4
2167	4
2168	4
2169	4
2170	4
2171	4
2172	4
2173	4
2174	4
2175	4
2176	4
2177	4
2178	4
2179	4
2180	4
2181	4
2182	4
2183	4
2184	4
2185	4
2186	4
2187	4
2188	4
2189	4
2190	4
2191	4
2192	4
2193	4
2194	4
2195	4
2196	4
2197	4
2198	4
2199	4
2200	4
2201	4
2202	4
2203	4
2204	4
2205	4
2206	4
2207	4
2208	4
2209	4
2210	4
2211	4
2212	4
2213	4
2214	4
2215	4
2216	4
2217	4
2218	4
2219	4
2220	4
2221	4
2222	4
2223	4
2224	4
2225	4
2226	4
2227	4
2228	4
2229	4
2230	4
2231	4
2232	4
2233	4
2234	4
2235	4
2236	4
2237	4
2238	4
2239	4
2240	4
2241	4
2242	4
2243	4
2244	4
2245	4
2246	4
2247	4
2248	4
2249	4
2250	4
2251	4
2252	4
2253	4
2254	4
2255	4
2256	4
2257	4
2258	4
2259	4
2260	4
2261	4
2262	4
2263	4
2264	4
2265	4
2266	4
2267	4
2268	4
2269	4
2270	4
2271	4
2272	4
2273	4
2274	4
2275	4
2276	4
2277	4
2278	4
2279	4
2280	4
2281	4
2282	4
2283	4
2284	4
2285	4
2286	4
2287	4
2288	4
2289	4
2290	4
2291	4
2292	4
2293	4
2294	4
2295	4
2296	4
2297	4
2298	4
2299	4
2300	4
2301	4
2302	4
2303	4
2304	4
2305	4
2306	4
2307	4
2308	4
2309	4
2310	4
2311	4
2312	4
2313	4
2314	4
2315	4
2316	4
2317	4
2318	4
2319	4
2320	4
2321	4
2322	4
2323	4
2324	4
2325	4
2326	4
2327	4
2328	4
2329	4
2330	4
2331	4
2332	4
2333	4
2334	4
2335	4
2336	4
2337	4
2338	4
2339	4
2340	4
2341	4
2342	4
2343	4
2344	4
2345	4
2346	4
2347	4
2348	4
2349	4
2350	4
2351	4
2352	4
2353	4
2354	4
2355	5
2356	5
2357	5
2358	5
2359	5
2360	5
2361	5
2362	5
2363	5
2364	5
2365	5
2366	5
2367	5
2368	5
2369	5
2370	5
2371	5
2372	5
2373	5
2374	5
2375	5
2376	5
2377	5
2378	5
2379	5
2380	5
2381	5
2382	5
2383	5
2384	5
2385	5
2386	5
2387	5
2388	5
2389	5
2390	5
2391	5
2392	5
2393	5
2394	5
2395	5
2396	5
2397	5
2398	5
2399	5
2400	5
2401	5
2402	5
2403	5
2404	5
2405	5
2406	5
2407	5
2408	5
2409	5
2410	5
2411	5
2412	5
2413	5
2414	5
2415	5
2416	5
2417	5
2418	5
2419	5
2420	5
2421	5
2422	5
2423	5
2424	5
2425	5
2426	5
2427	5
2428	5
2429	5
2430	5
2431	5
2432	5
2433	5
2434	5
2435	5
2436	5
2437	5
2438	5
2439	5
2440	5
2441	5
2442	5
2443	5
2444	5
2445	5
2446	5
2447	5
2448	5
2449	5
2450	5
2451	5
2452	5
2453	5
2454	5
2455	5
2456	5
2457	5
2458	5
2459	5
2460	5
2461	5
2462	5
2463	5
2464	5
2465	5
2466	5
2467	5
2468	5
2469	5
2470	5
2471	5
2472	5
2473	5
2474	5
2475	5
2476	5
2477	5
2478	5
2479	5
2480	5
2481	5
2482	5
2483	5
2484	5
2485	5
2486	5
2487	5
2488	5
2489	5
2490	5
2491	5
2492	5
2493	5
2494	5
2495	5
2496	5
2497	5
2498	5
2499	5
2500	5
2501	5
2502	5
2503	5
2504	5
2505	5
2506	5
2507	5
2508	5
2509	5
2510	5
2511	5
2512	5
2513	5
2514	5
2515	5
2516	5
2517	5
2518	5
2519	5
2520	5
2521	5
2522	5
2523	5
2524	5
2525	5
2526	5
2527	5
2528	5
2529	5
2530	5
2531	5
2532	5
2533	5
2534	5
2535	5
2536	5
2537	5
2538	5
2539	5
2540	5
2541	5
2542	5
2543	5
2544	5
2545	5
2546	5
2547	5
2548	5
2549	5
2550	5
2551	5
2552	5
2553	5
2554	5
2555	5
2556	5
2557	5
2558	5
2559	5
2560	5
2561	5
2562	5
2563	5
2564	5
2565	5
2566	5
2567	5
2568	5
2569	5
2570	5
2571	5
2572	5
2573	5
2574	5
2575	5
2576	5
2577	5
2578	5
2579	5
2580	5
2581	5
2582	5
2583	5
2584	5
2585	5
2586	5
2587	5
2588	5
2589	5
2590	5
2591	5
2592	5
2593	5
2594	5
2595	5
2596	5
2597	5
2598	5
2599	5
2600	5
2601	5
2602	5
2603	5
2604	5
2605	5
2606	5
2607	5
2608	5
2609	5
2610	5
2611	5
2612	5
2613	5
2614	5
2615	5
2616	5
2617	5
2618	5
2619	5
2620	5
2621	5
2622	5
2623	5
2624	5
2625	5
2626	5
2627	5
2628	5
2629	5
2630	5
2631	5
2632	5
2633	5
2634	5
2635	5
2636	5
2637	5
2638	5
2639	5
2640	5
2641	5
2642	5
2643	5
2644	5
2645	5
2646	5
2647	5
2648	5
2649	5
2650	5
2651	5
2652	5
2653	5
2654	5
2655	5
2656	5
2657	5
2658	5
2659	5
2660	5
2661	5
2662	5
2663	5
2664	5
2665	5
2666	5
2667	5
2668	5
2669	5
2670	5
2671	5
2672	5
2673	5
2674	5
2675	5
2676	5
2677	5
2678	5
2679	5
2680	5
2681	5
2682	5
2683	5
2684	5
2685	5
2686	5
2687	5
2688	5
2689	5
2690	5
2691	5
2692	5
2693	5
2694	5
2695	5
2696	5
2697	5
2698	5
2699	5
2700	5
2701	5
2702	5
2703	5
2704	5
2705	5
2706	5
2707	5
2708	5
2709	5
2710	5
2711	5
2712	5
2713	5
2714	5
2715	5
2716	5
2717	5
2718	5
2719	5
2720	5
2721	5
2722	5
2723	5
2724	5
2725	5
2726	5
2727	5
2728	5
2729	5
2730	5
2731	5
2732	5
2733	5
2734	5
2735	5
2736	5
2737	5
2738	5
2739	5
2740	5
2741	5
2742	5
2743	5
2744	5
2745	5
2746	5
2747	5
2748	5
2749	5
2750	5
2751	5
2752	5
2753	5
2754	5
2755	5
2756	5
2757	5
2758	5
2759	5
2760	5
2761	5
2762	5
2763	5
2764	5
2765	5
2766	5
2767	5
2768	5
2769	5
2770	5
2771	5
2772	5
2773	5
2774	5
2775	5
2776	5
2777	5
2778	5
2779	5
2780	5
2781	5
2782	5
2783	5
2784	5
2785	5
2786	5
2787	5
2788	5
2789	5
2790	5
2791	5
2792	5
2793	5
2794	5
2795	5
2796	5
2797	5
2798	5
2799	5
2800	5
2801	5
2802	5
2803	5
2804	5
2805	5
2806	5
2807	5
2808	5
2809	5
2810	5
2811	5
2812	5
2813	5
2814	5
2815	5
2816	5
2817	5
2818	5
2819	5
2820	5
2821	5
2822	5
2823	5
2824	5
2825	5
2826	5
2827	5
2828	5
2829	5
2830	5
2831	5
2832	5
2833	5
2834	5
2835	5
2836	5
2837	5
2838	5
2839	5
2840	5
2841	5
2842	5
2843	5
2844	5
2845	5
2846	5
2847	5
2848	5
2849	5
2850	5
2851	5
2852	5
2853	5
2854	5
2855	5
2856	5
2857	5
2858	5
2859	5
2860	5
2861	5
2862	5
2863	5
2864	5
2865	5
2866	5
2867	5
2868	5
2869	5
2870	5
2871	5
2872	5
2873	5
2874	5
2875	5
2876	5
2877	5
2878	5
2879	5
2880	5
2881	5
2882	5
2883	5
2884	5
2885	5
2886	5
2887	5
2888	5
2889	5
2890	5
2891	5
2892	5
2893	5
2894	5
2895	5
2896	5
2897	5
2898	5
2899	5
2900	5
2901	5
2902	5
2903	5
2904	5
2905	5
2906	5
2907	5
2908	5
2909	5
2910	5
2911	5
2912	5
2913	5
2914	5
2915	5
2916	5
2917	5
2918	5
2919	5
2920	5
2921	5
2922	5
2923	5
2924	5
2925	5
2926	5
2927	5
2928	5
2929	5
2930	5
2931	5
2932	5
2933	5
2934	5
2935	5
2936	5
2937	5
2938	5
2939	5
2940	5
2941	5
2942	5
2943	5
2944	5
2945	5
2946	5
2947	5
2948	5
2949	5
2950	5
2951	5
2952	5
2953	5
2954	5
2955	5
2956	5
2957	5
2958	5
2959	5
2960	5
2961	5
2962	5
2963	5
2964	5
2965	5
2966	5
2967	5
2968	5
2969	5
2970	5
2971	5
2972	5
2973	5
2974	5
2975	5
2976	5
2977	5
2978	5
2979	5
2980	5
2981	5
2982	5
2983	5
2984	5
2985	5
2986	5
2987	5
2988	5
2989	5
2990	5
2991	5
2992	5
2993	5
2994	5
2995	5
2996	5
2997	5
2998	5
2999	5
3000	5
3001	5
3002	5
3003	5
3004	5
3005	5
3006	5
3007	5
3008	5
3009	5
3010	5
3011	5
3012	5
3013	5
3014	5
3015	5
3016	5
3017	5
3018	5
3019	5
3020	5
3021	5
3022	5
3023	5
3024	5
3025	5
3026	5
3027	5
3028	5
3029	5
3030	5
3031	5
3032	5
3033	5
3034	5
3035	5
3036	5
3037	5
3038	5
3039	5
3040	5
3041	5
3042	5
3043	5
3044	5
3045	5
3046	5
3047	5
3048	5
3049	5
3050	5
3051	5
3052	5
3053	5
3054	5
3055	5
3056	5
3057	5
3058	5
3059	6
3060	6
3061	6
3062	6
3063	6
3064	6
3065	6
3066	6
3067	6
3068	6
3069	6
3070	6
3071	6
3072	6
3073	6
3074	6
3075	6
3076	6
3077	6
3078	6
3079	6
3080	6
3081	6
3082	6
3083	6
3084	6
3085	6
3086	6
3087	6
3088	6
3089	6
3090	6
3091	6
3092	6
3093	6
3094	6
3095	6
3096	6
3097	6
3098	6
3099	6
3100	6
3101	6
3102	6
3103	6
3104	6
3105	6
3106	6
3107	6
3108	6
3109	6
3110	6
3111	6
3112	6
3113	6
3114	6
3115	6
3116	6
3117	6
3118	6
3119	6
3120	6
3121	6
3122	6
3123	6
3124	6
3125	6
3126	6
3127	6
3128	6
3129	6
3130	6
3131	6
3132	6
3133	6
3134	6
3135	6
3136	6
3137	6
3138	6
3139	6
3140	6
3141	6
3142	6
3143	6
3144	6
3145	6
3146	6
3147	6
3148	6
3149	6
3150	6
3151	6
3152	6
3153	6
3154	6
3155	6
3156	6
3157	6
3158	6
3159	6
3160	6
3161	6
3162	6
3163	6
3164	6
3165	6
3166	6
3167	6
3168	6
3169	6
3170	6
3171	6
3172	6
3173	6
3174	6
3175	6
3176	6
3177	6
3178	6
3179	6
3180	6
3181	6
3182	6
3183	6
3184	6
3185	6
3186	6
3187	6
3188	6
3189	6
3190	6
3191	6
3192	6
3193	6
3194	6
3195	6
3196	6
3197	6
3198	6
3199	6
3200	6
3201	6
3202	6
3203	6
3204	6
3205	6
3206	6
3207	6
3208	6
3209	6
3210	6
3211	6
3212	6
3213	6
3214	6
3215	6
3216	6
3217	6
3218	6
3219	6
3220	6
3221	6
3222	6
3223	6
3224	6
3225	6
3226	6
3227	6
3228	6
3229	6
3230	6
3231	6
3232	6
3233	6
3234	6
3235	6
3236	6
3237	6
3238	6
3239	6
3240	6
3241	6
3242	6
3243	6
3244	6
3245	6
3246	6
3247	6
3248	6
3249	6
3250	6
3251	6
3252	6
3253	6
3254	6
3255	6
3256	6
3257	6
3258	6
3259	6
3260	6
3261	6
3262	6
3263	6
3264	6
3265	6
3266	6
3267	6
3268	6
3269	6
3270	6
3271	6
3272	6
3273	6
3274	6
3275	6
3276	6
3277	6
3278	6
3279	6
3280	6
3281	6
3282	6
3283	6
3284	6
3285	6
3286	6
3287	6
3288	6
3289	6
3290	6
3291	6
3292	6
3293	6
3294	6
3295	6
3296	6
3297	6
3298	6
3299	6
3300	6
3301	6
3302	6
3303	6
3304	6
3305	6
3306	6
3307	6
3308	6
3309	6
3310	6
3311	6
3312	6
3313	6
3314	6
3315	6
3316	6
3317	6
3318	6
3319	6
3320	6
3321	6
3322	6
3323	6
3324	6
3325	6
3326	6
3327	6
3328	6
3329	6
3330	6
3331	6
3332	6
3333	6
3334	6
3335	6
3336	6
3337	6
3338	6
3339	6
3340	6
3341	6
3342	6
3343	6
3344	6
3345	6
3346	6
3347	6
3348	6
3349	6
3350	6
3351	6
3352	6
3353	6
3354	6
3355	6
3356	6
3357	6
3358	6
3359	6
3360	6
3361	6
3362	6
3363	6
3364	6
3365	6
3366	6
3367	6
3368	6
3369	6
3370	6
3371	6
3372	6
3373	6
3374	6
3375	6
3376	6
3377	6
3378	6
3379	6
3380	6
3381	6
3382	6
3383	6
3384	6
3385	6
3386	6
3387	6
3388	6
3389	6
3390	6
3391	6
3392	6
3393	6
3394	6
3395	6
3396	6
3397	6
3398	6
3399	6
3400	6
3401	6
3402	6
3403	6
3404	6
3405	6
3406	6
3407	6
3408	6
3409	6
3410	6
3411	6
3412	6
3413	6
3414	6
3415	6
3416	6
3417	6
3418	6
3419	6
3420	6
3421	6
3422	6
3423	6
3424	6
3425	6
3426	6
3427	6
3428	6
3429	6
3430	6
3431	6
3432	6
3433	6
3434	6
3435	6
3436	6
3437	6
3438	6
3439	6
3440	6
3441	6
3442	6
3443	6
3444	6
3445	6
3446	6
3447	6
3448	6
3449	6
3450	6
3451	6
3452	6
3453	6
3454	6
3455	6
3456	6
3457	6
3458	6
3459	6
3460	6
3461	6
3462	6
3463	6
3464	6
3465	6
3466	6
3467	6
3468	6
3469	6
3470	6
3471	6
3472	6
3473	6
3474	6
3475	6
3476	6
3477	6
3478	6
3479	6
3480	6
3481	6
3482	6
3483	6
3484	6
3485	6
3486	6
3487	6
3488	6
3489	6
3490	6
3491	6
3492	6
3493	6
3494	6
3495	6
3496	6
3497	6
3498	6
3499	6
3500	6
3501	6
3502	6
3503	6
3504	6
3505	6
3506	6
3507	6
3508	6
3509	6
3510	6
3511	6
3512	6
3513	6
3514	6
3515	6
3516	6
3517	6
3518	6
3519	6
3520	6
3521	6
3522	6
3523	6
3524	6
3525	6
3526	6
3527	6
3528	6
3529	6
3530	6
3531	6
3532	6
3533	6
3534	6
3535	6
3536	6
3537	6
3538	6
3539	6
3540	6
3541	6
3542	6
3543	6
3544	6
3545	6
3546	6
3547	6
3548	6
3549	6
3550	6
3551	6
3552	6
3553	6
3554	6
3555	6
3556	6
3557	6
3558	6
3559	6
3560	6
3561	6
3562	6
3563	6
3564	6
3565	6
3566	6
3567	6
3568	6
3569	6
3570	6
3571	6
3572	6
3573	6
3574	6
3575	6
3576	6
3577	6
3578	6
3579	6
3580	6
3581	6
3582	6
3583	6
3584	6
3585	6
3586	6
3587	6
3588	6
3589	6
3590	6
3591	6
3592	6
3593	6
3594	6
3595	6
3596	6
3597	6
3598	6
3599	6
3600	6
3601	6
3602	6
3603	6
3604	6
3605	6
3606	6
3607	6
3608	6
3609	6
3610	6
3611	6
3612	6
3613	6
3614	6
3615	6
3616	6
3617	6
3618	6
3619	6
3620	6
3621	6
3622	6
3623	6
3624	6
3625	6
3626	6
3627	6
3628	6
3629	6
3630	6
3631	6
3632	6
3633	6
3634	6
3635	6
3636	6
3637	6
3638	6
3639	6
3640	6
3641	6
3642	6
3643	6
3644	6
3645	6
3646	6
3647	6
3648	6
3649	6
3650	6
3651	6
3652	6
3653	6
3654	6
3655	6
3656	6
3657	6
3658	6
3659	6
3660	6
3661	6
3662	6
3663	6
3664	6
3665	6
3666	6
3667	6
3668	6
3669	6
3670	6
3671	6
3672	6
3673	6
3674	6
3675	6
3676	6
3677	6
3678	6
3679	6
3680	6
3681	6
3682	6
3683	6
3684	6
3685	6
3686	6
3687	6
3688	6
3689	6
3690	6
3691	6
3692	6
3693	6
3694	6
3695	6
3696	6
3697	6
3698	6
3699	6
3700	6
3701	6
3702	6
3703	6
3704	6
3705	6
3706	6
3707	6
3708	6
3709	6
3710	6
3711	6
3712	6
3713	6
3714	6
3715	6
3716	6
3717	6
3718	6
3719	6
3720	6
3721	6
3722	6
3723	6
3724	6
3725	6
3726	6
3727	6
3728	6
3729	6
3730	6
3731	6
3732	6
3733	6
3734	6
3735	6
3736	6
3737	6
3738	6
3739	6
3740	6
3741	6
3742	6
3743	6
3744	6
3745	6
3746	6
3747	6
3748	6
3749	6
3750	6
3751	6
3752	6
3753	6
3754	6
3755	6
3756	6
3757	6
3758	6
3759	6
3760	6
3761	6
3762	6
3763	6
3764	6
3765	6
3766	6
3767	6
3768	6
3769	6
3770	6
3771	6
3772	6
3773	6
3774	6
3775	6
3776	6
3777	6
3778	6
3779	6
3780	6
3781	6
3782	6
3783	6
3784	6
3785	6
3786	6
3787	6
3788	6
3789	6
3790	6
3791	6
3792	6
3793	6
3794	6
3795	6
3796	6
3797	6
3798	6
3799	6
3800	6
3801	6
3802	6
3803	6
3804	6
3805	6
3806	6
3807	6
3808	6
3809	6
3810	6
3811	6
3812	6
3813	6
3814	6
3815	6
3816	6
3817	6
3818	6
3819	6
3820	6
3821	6
3822	6
3823	6
3824	6
3825	6
3826	6
3827	6
3828	6
3829	6
3830	6
3831	6
3832	6
3833	6
3834	6
3835	6
3836	6
3837	6
3838	6
3839	6
3840	6
3841	6
3842	6
3843	6
3844	6
3845	6
3846	6
3847	6
3848	6
3849	6
3850	6
3851	6
3852	6
3853	6
3854	6
3855	6
3856	6
3857	6
3858	6
3859	6
3860	6
3861	6
3862	6
3863	6
3864	6
3865	6
3866	6
3867	6
3868	6
3869	6
3870	6
3871	6
3872	6
3873	6
3874	6
3875	6
3876	6
3877	6
3878	6
3879	6
3880	6
3881	6
3882	6
3883	6
3884	6
3885	6
3886	6
3887	6
3888	6
3889	6
3890	6
3891	6
3892	6
3893	6
3894	6
3895	6
3896	6
3897	6
3898	6
3899	6
3900	6
3901	6
3902	6
3903	6
3904	6
3905	6
3906	6
3907	6
3908	6
3909	6
3910	6
3911	6
3912	6
3913	6
3914	6
3915	6
3916	6
3917	6
3918	6
3919	6
3920	6
3921	6
3922	6
3923	6
3924	6
3925	6
3926	6
3927	6
3928	6
3929	6
3930	6
3931	6
3932	6
3933	6
3934	6
3935	6
3936	6
3937	6
3938	6
3939	6
3940	6
3941	6
3942	6
3943	6
3944	6
3945	6
3946	6
3947	6
3948	6
3949	6
3950	6
3951	6
3952	6
3953	6
3954	6
3955	6
3956	6
3957	6
3958	6
3959	6
3960	6
3961	6
3962	6
3963	6
3964	6
3965	6
3966	6
3967	6
3968	6
3969	6
3970	6
3971	6
3972	6
3973	6
3974	6
3975	6
3976	6
3977	6
3978	6
3979	6
3980	6
3981	6
3982	6
3983	6
3984	6
3985	6
3986	6
3987	6
3988	6
3989	6
3990	6
3991	6
3992	6
3993	6
3994	6
3995	6
3996	6
3997	6
3998	6
3999	6
4000	6
4001	6
4002	6
4003	6
4004	6
4005	6
4006	6
4007	6
4008	6
4009	6
4010	6
4011	6
4012	6
4013	6
4014	6
4015	6
4016	6
4017	6
4018	6
4019	6
4020	6
4021	6
4022	6
4023	6
4024	6
4025	6
4026	6
4027	6
4028	6
4029	6
4030	6
4031	6
4032	6
4033	6
4034	6
4035	6
4036	6
4037	6
4038	6
4039	6
4040	6
4041	6
4042	6
4043	6
4044	6
4045	6
4046	6
4047	6
4048	6
4049	6
4050	6
4051	6
4052	6
4053	6
4054	6
4055	6
4056	6
4057	6
4058	6
4059	6
4060	6
4061	6
4062	6
4063	6
4064	6
4065	6
4066	6
4067	6
4068	6
4069	6
4070	6
4071	6
4072	6
4073	6
4074	6
4075	6
4076	6
4077	6
4078	6
4079	6
4080	6
4081	6
4082	6
4083	6
4084	6
4085	6
4086	6
4087	6
4088	6
4089	6
4090	6
4091	6
4092	6
4093	6
4094	6
4095	6
4096	6
4097	6
4098	6
4099	6
4100	6
4101	6
4102	6
4103	6
4104	6
4105	6
4106	6
4107	6
4108	6
4109	6
4110	6
4111	6
4112	6
4113	6
4114	6
4115	6
4116	6
4117	6
4118	6
4119	6
4120	6
4121	6
4122	6
4123	6
4124	6
4125	6
4126	6
4127	6
4128	6
4129	6
4130	6
4131	6
4132	6
4133	6
4134	6
4135	6
4136	6
4137	6
4138	6
4139	6
4140	6
4141	6
4142	6
4143	6
4144	6
4145	6
4146	6
4147	6
4148	6
4149	6
4150	6
4151	6
4152	6
4153	6
4154	6
4155	6
4156	6
4157	6
4158	6
4159	6
4160	6
4161	6
4162	6
4163	6
4164	6
4165	6
4166	6
4167	6
4168	6
4169	6
4170	6
4171	6
4172	6
4173	6
4174	6
4175	6
4176	6
4177	7
4178	7
4179	7
4180	7
4181	7
4182	7
4183	7
4184	7
4185	7
4186	7
4187	7
4188	7
4189	7
4190	7
4191	7
4192	7
4193	7
4194	7
4195	7
4196	7
4197	7
4198	7
4199	7
4200	7
4201	7
4202	7
4203	7
4204	7
4205	7
4206	7
4207	7
4208	7
4209	7
4210	7
4211	7
4212	7
4213	7
4214	7
4215	7
4216	7
4217	7
4218	7
4219	7
4220	7
4221	7
4222	7
4223	7
4224	7
4225	7
4226	7
4227	7
4228	7
4229	7
4230	7
4231	7
4232	7
4233	7
4234	7
4235	7
4236	7
4237	7
4238	7
4239	7
4240	7
4241	7
4242	7
4243	7
4244	7
4245	7
4246	7
4247	7
4248	7
4249	7
4250	7
4251	7
4252	7
4253	7
4254	7
4255	7
4256	7
4257	7
4258	7
4259	7
4260	7
4261	7
4262	7
4263	7
4264	7
4265	7
4266	7
4267	7
4268	7
4269	7
4270	7
4271	7
4272	7
4273	7
4274	7
4275	7
4276	7
4277	7
4278	7
4279	7
4280	7
4281	7
4282	7
4283	7
4284	7
4285	7
4286	7
4287	7
4288	7
4289	7
4290	7
4291	7
4292	7
4293	7
4294	7
4295	7
4296	7
4297	7
4298	7
4299	7
4300	7
4301	7
4302	7
4303	7
4304	7
4305	7
4306	7
4307	7
4308	7
4309	7
4310	7
4311	7
4312	7
4313	7
4314	7
4315	7
4316	7
4317	7
4318	7
4319	7
4320	7
4321	7
4322	7
4323	7
4324	7
4325	7
4326	7
4327	7
4328	7
4329	7
4330	7
4331	7
4332	7
4333	7
4334	7
4335	7
4336	7
4337	7
4338	7
4339	7
4340	7
4341	7
4342	7
4343	7
4344	7
4345	7
4346	7
4347	7
4348	7
4349	7
4350	7
4351	7
4352	7
4353	7
4354	7
4355	7
4356	7
4357	7
4358	7
4359	7
4360	7
4361	7
4362	7
4363	7
4364	7
4365	7
4366	7
4367	7
4368	7
4369	7
4370	7
4371	7
4372	7
4373	7
4374	7
4375	7
4376	7
4377	7
4378	7
4379	7
4380	7
4381	7
4382	7
4383	7
4384	7
4385	7
4386	7
4387	7
4388	7
4389	7
4390	7
4391	7
4392	7
4393	7
4394	7
4395	7
4396	7
4397	7
4398	7
4399	7
4400	7
4401	7
4402	7
4403	7
4404	7
4405	7
4406	7
4407	7
4408	7
4409	7
4410	7
4411	7
4412	7
4413	7
4414	7
4415	7
4416	7
4417	7
4418	7
4419	7
4420	7
4421	7
4422	7
4423	7
4424	7
4425	7
4426	7
4427	7
4428	7
4429	7
4430	7
4431	7
4432	7
4433	7
4434	7
4435	7
4436	7
4437	7
4438	7
4439	7
4440	7
4441	7
4442	7
4443	7
4444	7
4445	7
4446	7
4447	7
4448	7
4449	7
4450	7
4451	7
4452	7
4453	7
4454	7
4455	7
4456	7
4457	7
4458	7
4459	7
4460	7
4461	7
4462	7
4463	7
4464	7
4465	7
4466	7
4467	7
4468	7
4469	7
4470	7
4471	7
4472	7
4473	7
4474	7
4475	7
4476	7
4477	7
4478	7
4479	7
4480	7
4481	7
4482	7
4483	7
4484	7
4485	7
4486	7
4487	7
4488	7
4489	7
4490	7
4491	7
4492	7
4493	7
4494	7
4495	7
4496	7
4497	7
4498	7
4499	7
4500	7
4501	7
4502	7
4503	7
4504	7
4505	7
4506	7
4507	7
4508	7
4509	7
4510	7
4511	7
4512	7
4513	7
4514	7
4515	7
4516	7
4517	7
4518	7
4519	7
4520	7
4521	7
4522	7
4523	7
4524	7
4525	7
4526	7
4527	7
4528	7
4529	7
4530	7
4531	7
4532	7
4533	7
4534	7
4535	7
4536	7
4537	7
4538	7
4539	7
4540	7
4541	7
4542	7
4543	7
4544	7
4545	7
4546	7
4547	7
4548	7
4549	7
4550	7
4551	7
4552	7
4553	7
4554	7
4555	7
4556	7
4557	7
4558	7
4559	7
4560	7
4561	7
4562	7
4563	7
4564	7
4565	7
4566	7
4567	7
4568	7
4569	7
4570	7
4571	7
4572	7
4573	7
4574	7
4575	7
4576	7
4577	7
4578	7
4579	7
4580	7
4581	7
4582	7
4583	7
4584	7
4585	7
4586	7
4587	7
4588	7
4589	7
4590	7
4591	7
4592	7
4593	7
4594	7
4595	7
4596	7
4597	7
4598	7
4599	7
4600	7
4601	7
4602	7
4603	7
4604	7
4605	7
4606	7
4607	7
4608	7
4609	7
4610	7
4611	7
4612	7
4613	7
4614	7
4615	7
4616	7
4617	7
4618	7
4619	7
4620	7
4621	7
4622	7
4623	7
4624	7
4625	7
4626	7
4627	7
4628	7
4629	7
4630	7
4631	7
4632	7
4633	7
4634	7
4635	7
4636	7
4637	7
4638	7
4639	7
4640	7
4641	7
4642	7
4643	7
4644	7
4645	7
4646	7
4647	7
4648	7
4649	7
4650	7
4651	7
4652	7
4653	7
4654	7
4655	7
4656	7
4657	7
4658	7
4659	7
4660	7
4661	7
4662	7
4663	7
4664	7
4665	7
4666	7
4667	7
4668	7
4669	7
4670	7
4671	7
4672	7
4673	7
4674	7
4675	7
4676	7
4677	7
4678	7
4679	7
4680	7
4681	7
4682	7
4683	7
4684	7
4685	7
4686	7
4687	7
4688	7
4689	7
4690	7
4691	7
4692	7
4693	7
4694	7
4695	7
4696	7
4697	7
4698	7
4699	7
4700	7
4701	7
4702	7
4703	7
4704	7
4705	7
4706	7
4707	7
4708	7
4709	7
4710	7
4711	7
4712	7
4713	7
4714	7
4715	7
4716	7
4717	7
4718	7
4719	7
4720	7
4721	7
4722	7
4723	7
4724	7
4725	7
4726	7
4727	7
4728	7
4729	7
4730	7
4731	7
4732	7
4733	7
4734	7
4735	7
4736	7
4737	7
4738	7
4739	7
4740	7
4741	7
4742	7
4743	7
4744	7
4745	7
4746	7
4747	7
4748	7
4749	7
4750	7
4751	7
4752	7
4753	7
4754	7
4755	7
4756	7
4757	7
4758	7
4759	7
4760	7
4761	7
4762	7
4763	7
4764	7
4765	7
4766	7
4767	7
4768	7
4769	7
4770	7
4771	7
4772	7
4773	7
4774	7
4775	7
4776	7
4777	7
4778	7
4779	7
4780	7
4781	7
4782	7
4783	7
4784	7
4785	7
4786	7
4787	7
4788	7
4789	7
4790	7
4791	7
4792	7
4793	7
4794	7
4795	7
4796	7
4797	7
4798	7
4799	7
4800	7
4801	7
4802	7
4803	7
4804	7
4805	8
4806	8
4807	8
4808	8
4809	8
4810	8
4811	8
4812	8
4813	8
4814	8
4815	8
4816	8
4817	8
4818	8
4819	8
4820	8
4821	8
4822	8
4823	8
4824	8
4825	8
4826	8
4827	8
4828	8
4829	8
4830	8
4831	8
4832	8
4833	8
4834	8
4835	8
4836	8
4837	8
4838	8
4839	8
4840	8
4841	8
4842	8
4843	8
4844	8
4845	8
4846	8
4847	8
4848	8
4849	8
4850	8
4851	8
4852	8
4853	8
4854	8
4855	8
4856	8
4857	8
4858	8
4859	8
4860	8
4861	8
4862	8
4863	8
4864	8
4865	8
4866	8
4867	8
4868	8
4869	8
4870	8
4871	8
4872	8
4873	8
4874	8
4875	8
4876	8
4877	8
4878	8
4879	8
4880	8
4881	8
4882	8
4883	8
4884	8
4885	8
4886	8
4887	8
4888	8
4889	8
4890	8
4891	8
4892	8
4893	8
4894	8
4895	8
4896	8
4897	8
4898	8
4899	8
4900	8
4901	8
4902	8
4903	8
4904	8
4905	8
4906	8
4907	8
4908	8
4909	8
4910	8
4911	8
4912	8
4913	8
4914	8
4915	8
4916	8
4917	8
4918	8
4919	8
4920	8
4921	8
4922	8
4923	8
4924	8
4925	8
4926	8
4927	8
4928	8
4929	8
4930	8
4931	8
4932	8
4933	8
4934	8
4935	8
4936	8
4937	8
4938	8
4939	8
4940	8
4941	8
4942	8
4943	8
4944	8
4945	8
4946	8
4947	8
4948	8
4949	8
4950	8
4951	8
4952	8
4953	8
4954	8
4955	8
4956	8
4957	8
4958	8
4959	8
4960	8
4961	8
4962	8
4963	8
4964	8
4965	8
4966	8
4967	8
4968	8
4969	8
4970	8
4971	8
4972	8
4973	8
4974	8
4975	8
4976	8
4977	8
4978	8
4979	8
4980	8
4981	8
4982	8
4983	8
4984	8
4985	8
4986	8
4987	8
4988	8
4989	8
4990	8
4991	8
4992	8
4993	8
4994	8
4995	8
4996	8
4997	8
4998	8
4999	8
5000	8
5001	8
5002	8
5003	8
5004	8
5005	8
5006	8
5007	8
5008	8
5009	8
5010	8
5011	8
5012	8
5013	8
5014	8
5015	8
5016	8
5017	8
5018	8
5019	8
5020	8
5021	8
5022	8
5023	8
5024	8
5025	8
5026	8
5027	8
5028	8
5029	8
5030	8
5031	8
5032	8
5033	8
5034	8
5035	8
5036	8
5037	8
5038	8
5039	8
5040	8
5041	8
5042	8
5043	8
5044	8
5045	8
5046	8
5047	8
5048	8
5049	8
5050	8
5051	8
5052	8
5053	8
5054	8
5055	8
5056	8
5057	8
5058	8
5059	8
5060	8
5061	8
5062	8
5063	8
5064	8
5065	8
5066	8
5067	8
5068	8
5069	8
5070	8
5071	8
5072	8
5073	8
5074	8
5075	8
5076	8
5077	8
5078	8
5079	8
5080	8
5081	8
5082	8
5083	8
5084	8
5085	8
5086	8
5087	8
5088	8
5089	8
5090	8
5091	8
5092	8
5093	8
5094	8
5095	8
5096	8
5097	8
5098	8
5099	8
5100	8
5101	8
5102	8
5103	8
5104	8
5105	8
5106	8
5107	8
5108	8
5109	8
5110	8
5111	8
5112	8
5113	8
5114	8
5115	8
5116	8
5117	8
5118	8
5119	8
5120	8
5121	8
5122	8
5123	8
5124	8
5125	8
5126	8
5127	8
5128	8
5129	8
5130	8
5131	8
5132	8
5133	8
5134	8
5135	8
5136	8
5137	8
5138	8
5139	8
5140	8
5141	8
5142	8
5143	8
5144	8
5145	8
5146	8
5147	8
5148	8
5149	8
5150	8
5151	8
5152	8
5153	8
5154	8
5155	8
5156	8
5157	8
5158	8
5159	8
5160	8
5161	8
5162	8
5163	8
5164	8
5165	8
5166	8
5167	8
5168	8
5169	8
5170	8
5171	8
5172	8
5173	8
5174	8
5175	8
5176	8
5177	8
5178	8
5179	8
5180	8
5181	8
5182	8
5183	8
5184	8
5185	8
5186	8
5187	8
5188	8
5189	8
5190	8
5191	8
5192	8
5193	8
5194	8
5195	8
5196	8
5197	8
5198	8
5199	8
5200	8
5201	8
5202	8
5203	8
5204	8
5205	8
5206	8
5207	8
5208	8
5209	8
5210	8
5211	8
5212	8
5213	8
5214	8
5215	8
5216	8
5217	8
5218	8
5219	8
5220	8
5221	8
5222	8
5223	8
5224	8
5225	8
5226	8
5227	8
5228	8
5229	8
5230	8
5231	8
5232	8
5233	8
5234	8
5235	8
5236	8
5237	8
5238	8
5239	8
5240	8
5241	8
5242	8
5243	8
5244	8
5245	8
5246	8
5247	8
5248	8
5249	8
5250	8
5251	8
5252	8
5253	8
5254	8
5255	8
5256	8
5257	8
5258	8
5259	8
5260	8
5261	8
5262	8
5263	8
5264	8
5265	8
5266	8
5267	8
5268	8
5269	8
5270	8
5271	8
5272	8
5273	8
5274	8
5275	8
5276	8
5277	8
5278	8
5279	8
5280	8
5281	8
5282	8
5283	8
5284	8
5285	8
5286	8
5287	8
5288	8
5289	8
5290	8
5291	8
5292	8
5293	8
5294	8
5295	8
5296	8
5297	8
5298	8
5299	8
5300	8
5301	8
5302	8
5303	8
5304	8
5305	8
5306	8
5307	8
5308	8
5309	8
5310	8
5311	8
5312	8
5313	8
5314	8
5315	8
5316	8
5317	8
5318	8
5319	8
5320	8
5321	8
5322	8
5323	8
5324	8
5325	8
5326	8
5327	8
5328	8
5329	8
5330	8
5331	8
5332	8
5333	8
5334	8
5335	8
5336	8
5337	8
5338	8
5339	8
5340	8
5341	8
5342	8
5343	8
5344	8
5345	8
5346	8
5347	8
5348	8
5349	8
5350	8
5351	8
5352	8
5353	8
5354	8
5355	8
5356	8
5357	8
5358	8
5359	8
5360	8
5361	8
5362	8
5363	8
5364	8
5365	8
5366	8
5367	8
5368	8
5369	8
5370	8
5371	8
5372	8
5373	8
5374	8
5375	8
5376	8
5377	8
5378	8
5379	8
5380	8
5381	8
5382	8
5383	8
5384	8
5385	8
5386	8
5387	8
5388	8
5389	8
5390	8
5391	8
5392	8
5393	8
5394	8
5395	8
5396	8
5397	8
5398	8
5399	8
5400	8
5401	8
5402	8
5403	8
5404	8
5405	8
5406	8
5407	8
5408	8
5409	8
5410	8
5411	8
5412	8
5413	8
5414	8
5415	8
5416	8
5417	8
5418	8
5419	8
5420	8
5421	8
5422	8
5423	8
5424	8
5425	8
5426	8
5427	8
5428	8
5429	8
5430	8
5431	8
5432	8
5433	8
5434	8
5435	8
5436	8
5437	8
5438	8
5439	8
5440	8
5441	8
5442	8
5443	8
5444	8
5445	8
5446	8
5447	8
5448	8
5449	8
5450	8
5451	8
5452	8
5453	8
5454	8
5455	8
5456	8
5457	8
5458	8
5459	8
5460	8
5461	8
5462	8
5463	8
5464	8
5465	8
5466	8
5467	8
5468	8
5469	8
5470	8
5471	8
5472	8
5473	8
5474	8
5475	8
5476	8
5477	8
5478	8
5479	8
5480	8
5481	8
5482	8
5483	8
5484	8
5485	8
5486	8
5487	8
5488	8
5489	8
5490	8
5491	8
5492	8
5493	8
5494	8
5495	8
5496	8
5497	8
5498	8
5499	8
5500	8
5501	8
5502	8
5503	8
5504	8
5505	8
5506	8
5507	8
5508	8
5509	8
5510	8
5511	8
5512	8
5513	8
5514	8
5515	8
5516	8
5517	8
5518	8
5519	8
5520	8
5521	8
5522	8
5523	8
5524	8
5525	8
5526	8
5527	8
5528	8
5529	8
5530	8
5531	8
5532	8
5533	8
5534	8
5535	8
5536	8
5537	8
5538	8
5539	8
5540	8
5541	8
5542	8
5543	8
5544	8
5545	8
5546	8
5547	8
5548	8
5549	8
5550	8
5551	8
5552	8
5553	8
5554	8
5555	8
5556	8
5557	8
5558	8
5559	8
5560	8
5561	8
5562	8
5563	8
5564	8
5565	8
5566	8
5567	8
5568	8
5569	8
5570	8
5571	8
5572	8
5573	8
5574	8
5575	8
5576	8
5577	8
5578	8
5579	8
5580	8
5581	8
5582	8
5583	8
5584	8
5585	8
5586	8
5587	8
5588	8
5589	8
5590	8
5591	8
5592	8
5593	8
5594	8
5595	8
5596	8
5597	8
5598	8
5599	8
5600	8
5601	8
5602	8
5603	8
5604	8
5605	8
5606	8
5607	8
5608	8
5609	8
5610	8
5611	8
5612	8
5613	8
5614	8
5615	8
5616	8
5617	8
5618	8
5619	8
5620	8
5621	8
5622	8
5623	8
5624	8
5625	8
5626	8
5627	8
5628	8
5629	8
5630	8
5631	8
5632	8
5633	8
5634	8
5635	8
5636	8
5637	8
5638	8
5639	8
5640	8
5641	8
5642	8
5643	8
5644	8
5645	8
5646	8
5647	8
5648	8
5649	8
5650	8
5651	8
5652	8
5653	8
5654	8
5655	8
5656	8
5657	8
5658	8
5659	8
5660	8
5661	8
5662	8
5663	8
5664	8
5665	8
5666	8
5667	8
5668	8
5669	8
5670	8
5671	8
5672	8
5673	8
5674	8
5675	8
5676	8
5677	8
5678	8
5679	8
5680	8
5681	8
5682	8
5683	8
5684	8
5685	8
5686	8
5687	8
5688	8
5689	8
5690	8
5691	8
5692	8
5693	8
5694	8
5695	8
5696	8
5697	8
5698	8
5699	8
5700	8
5701	8
5702	8
5703	8
5704	8
5705	8
5706	8
5707	8
5708	8
5709	8
5710	8
5711	8
5712	8
5713	8
5714	8
5715	8
5716	8
5717	8
5718	8
5719	8
5720	8
5721	8
5722	8
5723	8
5724	8
5725	8
5726	8
5727	8
5728	8
5729	8
5730	8
5731	8
5732	8
5733	8
5734	8
5735	8
5736	8
5737	8
5738	8
5739	8
5740	8
5741	8
5742	8
5743	8
5744	8
5745	8
5746	8
5747	8
5748	8
5749	8
5750	8
5751	8
5752	8
5753	8
5754	8
5755	8
5756	8
5757	8
5758	8
5759	8
5760	8
5761	8
5762	8
5763	8
5764	8
5765	8
5766	8
5767	8
5768	8
5769	8
5770	8
5771	8
5772	9
5773	9
5774	9
5775	9
5776	9
5777	9
5778	9
5779	9
5780	9
5781	9
5782	9
5783	9
5784	9
5785	9
5786	9
5787	9
5788	9
5789	9
5790	9
5791	9
5792	9
5793	9
5794	9
5795	9
5796	9
5797	9
5798	9
5799	9
5800	9
5801	9
5802	9
5803	9
5804	9
5805	9
5806	9
5807	9
5808	9
5809	9
5810	9
5811	9
5812	9
5813	9
5814	9
5815	9
5816	9
5817	9
5818	9
5819	9
5820	9
5821	9
5822	9
5823	9
5824	9
5825	9
5826	9
5827	9
5828	9
5829	9
5830	9
5831	9
5832	9
5833	9
5834	9
5835	9
5836	9
5837	9
5838	9
5839	9
5840	9
5841	9
5842	9
5843	9
5844	9
5845	9
5846	9
5847	9
5848	9
5849	9
5850	9
5851	9
5852	9
5853	9
5854	9
5855	9
5856	9
5857	9
5858	9
5859	9
5860	9
5861	9
5862	9
5863	9
5864	9
5865	9
5866	9
5867	9
5868	9
5869	9
5870	9
5871	9
5872	9
5873	9
5874	9
5875	9
5876	9
5877	9
5878	9
5879	9
5880	9
5881	9
5882	9
5883	9
5884	9
5885	9
5886	9
5887	9
5888	9
5889	9
5890	9
5891	9
5892	9
5893	9
5894	9
5895	9
5896	9
5897	9
5898	9
5899	9
5900	9
5901	9
5902	9
5903	9
5904	9
5905	9
5906	9
5907	9
5908	9
5909	9
5910	9
5911	9
5912	9
5913	9
5914	9
5915	9
5916	9
5917	9
5918	9
5919	9
5920	9
5921	9
5922	9
5923	9
5924	9
5925	9
5926	9
5927	9
5928	9
5929	9
5930	9
5931	9
5932	9
5933	9
5934	9
5935	9
5936	9
5937	9
5938	9
5939	9
5940	9
5941	9
5942	9
5943	9
5944	9
5945	9
5946	9
5947	9
5948	9
5949	9
5950	9
5951	9
5952	9
5953	9
5954	9
5955	9
5956	9
5957	9
5958	9
5959	9
5960	9
5961	9
5962	9
5963	9
5964	9
5965	9
5966	9
5967	9
5968	9
5969	9
5970	9
5971	9
5972	9
5973	9
5974	9
5975	9
5976	9
5977	9
5978	9
5979	9
5980	9
5981	9
5982	9
5983	9
5984	9
5985	9
5986	9
5987	9
5988	9
5989	9
5990	9
5991	9
5992	9
5993	9
5994	9
5995	9
5996	9
5997	9
5998	9
5999	9
6000	9
6001	9
6002	9
6003	9
6004	9
6005	9
6006	9
6007	9
6008	9
6009	9
6010	9
6011	9
6012	9
6013	9
6014	9
6015	9
6016	9
6017	9
6018	9
6019	9
6020	9
6021	9
6022	9
6023	9
6024	9
6025	9
6026	9
6027	9
6028	9
6029	9
6030	9
6031	9
6032	9
6033	9
6034	9
6035	9
6036	9
6037	9
6038	9
6039	9
6040	9
6041	9
6042	9
6043	9
6044	9
6045	9
6046	9
6047	9
6048	9
6049	9
6050	9
6051	9
6052	9
6053	9
6054	9
6055	9
6056	9
6057	9
6058	9
6059	9
6060	9
6061	9
6062	9
6063	9
6064	9
6065	9
6066	9
6067	9
6068	9
6069	9
6070	9
6071	9
6072	9
6073	9
6074	9
6075	9
6076	9
6077	9
6078	9
6079	9
6080	9
6081	9
6082	9
6083	9
6084	9
6085	9
6086	9
6087	9
6088	9
6089	9
6090	9
6091	9
6092	9
6093	9
6094	9
6095	9
6096	9
6097	9
6098	9
6099	9
6100	9
6101	9
6102	9
6103	9
6104	9
6105	9
6106	9
6107	9
6108	9
6109	9
6110	9
6111	9
6112	9
6113	9
6114	9
6115	9
6116	9
6117	9
6118	9
6119	9
6120	9
6121	9
6122	9
6123	9
6124	9
6125	9
6126	9
6127	9
6128	9
6129	9
6130	9
6131	9
6132	9
6133	9
6134	9
6135	9
6136	9
6137	9
6138	9
6139	9
6140	9
6141	9
6142	9
6143	9
6144	9
6145	9
6146	9
6147	9
6148	9
6149	9
6150	9
6151	9
6152	9
6153	9
6154	9
6155	9
6156	9
6157	9
6158	9
6159	9
6160	9
6161	9
6162	9
6163	9
6164	9
6165	9
6166	9
6167	9
6168	9
6169	9
6170	9
6171	9
6172	9
6173	9
6174	9
6175	9
6176	9
6177	9
6178	9
6179	9
6180	9
6181	9
6182	9
6183	9
6184	9
6185	9
6186	9
6187	9
6188	9
6189	9
6190	9
6191	9
6192	9
6193	9
6194	9
6195	9
6196	9
6197	9
6198	9
6199	9
6200	9
6201	9
6202	9
6203	9
6204	9
6205	9
6206	9
6207	9
6208	9
6209	9
6210	9
6211	9
6212	9
6213	9
6214	9
6215	9
6216	9
6217	9
6218	9
6219	9
6220	9
6221	9
6222	9
6223	9
6224	9
6225	9
6226	9
6227	9
6228	9
6229	9
6230	9
6231	9
6232	9
6233	9
6234	9
6235	9
6236	9
6237	9
6238	9
6239	9
6240	9
6241	9
6242	9
6243	9
6244	9
6245	9
6246	9
6247	9
6248	9
6249	9
6250	9
6251	9
6252	9
6253	9
6254	9
6255	9
6256	9
6257	9
6258	9
6259	9
6260	9
6261	9
6262	9
6263	9
6264	9
6265	9
6266	9
6267	9
6268	9
6269	9
6270	9
6271	9
6272	9
6273	9
6274	9
6275	9
6276	9
6277	9
6278	9
6279	9
6280	9
6281	9
6282	9
6283	9
6284	9
6285	9
6286	9
6287	9
6288	9
6289	9
6290	9
6291	9
6292	9
6293	9
6294	9
6295	9
6296	9
6297	9
6298	9
6299	9
6300	9
6301	9
6302	9
6303	9
6304	9
6305	9
6306	9
6307	9
6308	9
6309	9
6310	9
6311	9
6312	9
6313	9
6314	9
6315	9
6316	9
6317	9
6318	9
6319	9
6320	9
6321	9
6322	9
6323	9
6324	9
6325	9
6326	9
6327	9
6328	9
6329	9
6330	9
6331	9
6332	9
6333	9
6334	9
6335	9
6336	9
6337	9
6338	9
6339	9
6340	9
6341	9
6342	9
6343	9
6344	9
6345	9
6346	9
6347	9
6348	9
6349	9
6350	9
6351	9
6352	9
6353	9
6354	9
6355	9
6356	9
6357	9
6358	9
6359	9
6360	9
6361	9
6362	9
6363	9
6364	9
6365	9
6366	9
6367	9
6368	9
6369	9
6370	9
6371	9
6372	9
6373	9
6374	9
6375	9
6376	9
6377	9
6378	9
6379	9
6380	9
6381	9
6382	9
6383	9
6384	9
6385	9
6386	9
6387	9
6388	9
6389	9
6390	9
6391	9
6392	9
6393	9
6394	9
6395	9
6396	9
6397	9
6398	9
6399	9
6400	9
6401	9
6402	9
6403	9
6404	9
6405	9
6406	9
6407	9
6408	9
6409	9
6410	9
6411	9
6412	9
6413	9
6414	9
6415	9
6416	9
6417	9
6418	9
6419	9
6420	9
6421	9
6422	9
6423	9
6424	9
6425	9
6426	9
6427	9
6428	9
6429	9
6430	9
6431	9
6432	9
6433	9
6434	9
6435	9
6436	9
6437	9
6438	9
6439	9
6440	9
6441	9
6442	9
6443	9
6444	9
6445	9
6446	9
6447	9
6448	9
6449	9
6450	9
6451	9
6452	9
6453	9
6454	9
6455	9
6456	9
6457	9
6458	9
6459	9
6460	9
6461	9
6462	9
6463	9
6464	9
6465	9
6466	9
6467	9
6468	9
6469	9
6470	9
6471	9
6472	9
6473	9
6474	9
6475	9
6476	9
6477	9
6478	9
6479	9
6480	9
6481	9
6482	9
6483	9
6484	9
6485	9
6486	9
6487	9
6488	9
6489	9
6490	9
6491	9
6492	9
6493	9
6494	9
6495	9
6496	9
6497	9
6498	9
6499	9
6500	9
6501	9
6502	9
6503	9
6504	9
6505	9
6506	9
6507	9
6508	9
6509	9
6510	9
6511	9
6512	9
6513	9
6514	9
6515	9
6516	9
6517	9
6518	9
6519	9
6520	9
6521	9
6522	9
6523	9
6524	9
6525	9
6526	9
6527	9
6528	9
6529	9
6530	9
6531	9
6532	9
6533	9
6534	9
6535	9
6536	9
6537	9
6538	9
6539	9
6540	9
6541	9
6542	9
6543	9
6544	9
6545	9
6546	9
6547	9
6548	9
6549	9
6550	9
6551	9
6552	9
6553	9
6554	9
6555	9
6556	9
6557	9
6558	9
6559	9
6560	9
6561	9
6562	9
6563	9
6564	9
6565	9
6566	9
6567	9
6568	9
6569	9
6570	9
6571	9
6572	9
6573	9
6574	9
6575	9
6576	9
6577	9
6578	9
6579	9
6580	9
6581	9
6582	9
6583	9
6584	9
6585	9
6586	9
6587	9
6588	9
6589	9
6590	9
6591	9
6592	9
6593	9
6594	9
6595	9
6596	9
6597	9
6598	9
6599	9
6600	9
6601	9
6602	9
6603	9
6604	9
6605	9
6606	9
6607	9
6608	9
6609	9
6610	9
6611	9
6612	9
6613	9
6614	9
6615	9
6616	9
6617	9
6618	9
6619	9
6620	9
6621	9
6622	9
6623	9
6624	9
6625	9
6626	9
6627	9
6628	9
6629	9
6630	9
6631	9
6632	9
6633	9
6634	9
6635	9
6636	9
6637	9
6638	9
6639	9
6640	9
6641	9
6642	9
6643	9
6644	9
6645	9
6646	9
6647	9
6648	9
6649	9
6650	9
6651	9
6652	9
6653	9
6654	9
6655	9
6656	9
6657	9
6658	9
6659	9
6660	9
6661	9
6662	9
6663	9
6664	9
6665	9
6666	9
6667	9
6668	9
6669	9
6670	9
6671	9
6672	9
6673	9
6674	9
6675	9
6676	9
6677	9
6678	9
6679	9
6680	9
6681	9
6682	9
6683	9
6684	9
6685	9
6686	9
6687	9
6688	9
6689	9
6690	9
6691	9
6692	9
6693	9
6694	9
6695	9
6696	9
6697	9
6698	9
6699	9
6700	9
6701	9
6702	9
6703	9
6704	9
6705	9
6706	9
6707	9
6708	9
6709	9
6710	9
6711	9
6712	9
6713	9
6714	9
6715	9
6716	9
6717	9
6718	9
6719	9
6720	9
6721	9
6722	9
6723	9
6724	9
6725	9
6726	9
6727	9
6728	9
6729	9
6730	9
6731	9
6732	9
6733	9
6734	9
6735	9
6736	9
6737	9
6738	9
6739	9
6740	9
6741	9
6742	9
6743	9
6744	9
6745	9
6746	9
6747	9
6748	9
6749	9
6750	9
6751	9
6752	9
6753	9
6754	9
6755	9
6756	9
6757	9
6758	9
6759	9
6760	9
6761	9
6762	9
6763	9
6764	9
6765	9
6766	9
6767	9
6768	9
6769	9
6770	9
6771	9
6772	9
6773	9
6774	9
6775	9
6776	9
6777	10
6778	10
6779	10
6780	10
6781	10
6782	10
6783	10
6784	10
6785	10
6786	10
6787	10
6788	10
6789	10
6790	10
6791	10
6792	10
6793	10
6794	10
6795	10
6796	10
6797	10
6798	10
6799	10
6800	10
6801	10
6802	10
6803	10
6804	10
6805	10
6806	10
6807	10
6808	10
6809	10
6810	10
6811	10
6812	10
6813	10
6814	10
6815	10
6816	10
6817	10
6818	10
6819	10
6820	10
6821	10
6822	10
6823	10
6824	10
6825	10
6826	10
6827	10
6828	10
6829	10
6830	10
6831	10
6832	10
6833	10
6834	10
6835	10
6836	10
6837	10
6838	10
6839	10
6840	10
6841	10
6842	10
6843	10
6844	10
6845	10
6846	10
6847	10
6848	10
6849	10
6850	10
6851	10
6852	10
6853	10
6854	10
6855	10
6856	10
6857	10
6858	10
6859	10
6860	10
6861	10
6862	10
6863	10
6864	10
6865	10
6866	10
6867	10
6868	10
6869	10
6870	10
6871	10
6872	10
6873	10
6874	10
6875	10
6876	10
6877	10
6878	10
6879	10
6880	10
6881	10
6882	10
6883	10
6884	10
6885	10
6886	10
6887	10
6888	10
6889	10
6890	10
6891	10
6892	10
6893	10
6894	10
6895	10
6896	10
6897	10
6898	10
6899	10
6900	10
6901	10
6902	10
6903	10
6904	10
6905	10
6906	10
6907	10
6908	10
6909	10
6910	10
6911	10
6912	10
6913	10
6914	10
6915	10
6916	10
6917	10
6918	10
6919	10
6920	10
6921	10
6922	10
6923	10
6924	10
6925	10
6926	10
6927	10
6928	10
6929	10
6930	10
6931	10
6932	10
6933	10
6934	10
6935	10
6936	10
6937	10
6938	10
6939	10
6940	10
6941	10
6942	10
6943	10
6944	10
6945	10
6946	10
6947	10
6948	10
6949	10
6950	10
6951	10
6952	10
6953	10
6954	10
6955	10
6956	10
6957	10
6958	10
6959	10
6960	10
6961	10
6962	10
6963	10
6964	10
6965	10
6966	10
6967	10
6968	10
6969	10
6970	10
6971	10
6972	10
6973	10
6974	10
6975	10
6976	10
6977	10
6978	10
6979	10
6980	10
6981	10
6982	10
6983	10
6984	10
6985	10
6986	10
6987	10
6988	10
6989	10
6990	10
6991	10
6992	10
6993	10
6994	10
6995	10
6996	10
6997	10
6998	10
6999	10
7000	10
7001	10
7002	10
7003	10
7004	10
7005	10
7006	10
7007	10
7008	10
7009	10
7010	10
7011	10
7012	10
7013	10
7014	10
7015	10
7016	10
7017	10
7018	10
7019	10
7020	10
7021	10
7022	10
7023	10
7024	10
7025	10
7026	10
7027	10
7028	10
7029	10
7030	10
7031	10
7032	10
7033	10
7034	10
7035	10
7036	10
7037	10
7038	10
7039	10
7040	10
7041	10
7042	10
7043	10
7044	10
7045	10
7046	10
7047	10
7048	10
7049	10
7050	10
7051	10
7052	10
7053	10
7054	10
7055	10
7056	10
7057	10
7058	10
7059	10
7060	10
7061	10
7062	10
7063	10
7064	10
7065	10
7066	10
7067	10
7068	10
7069	10
7070	10
7071	10
7072	10
7073	10
7074	10
7075	10
7076	10
7077	10
7078	10
7079	10
7080	10
7081	10
7082	10
7083	10
7084	10
7085	10
7086	10
7087	10
7088	10
7089	10
7090	10
7091	10
7092	10
7093	10
7094	10
7095	10
7096	10
7097	10
7098	10
7099	10
7100	10
7101	10
7102	10
7103	10
7104	10
7105	10
7106	10
7107	10
7108	10
7109	10
7110	10
7111	10
7112	10
7113	10
7114	10
7115	10
7116	10
7117	10
7118	10
7119	10
7120	10
7121	10
7122	10
7123	10
7124	10
7125	10
7126	10
7127	10
7128	10
7129	10
7130	10
7131	10
7132	10
7133	10
7134	10
7135	10
7136	10
7137	10
7138	10
7139	10
7140	10
7141	10
7142	10
7143	10
7144	10
7145	10
7146	10
7147	10
7148	10
7149	10
7150	10
7151	10
7152	10
7153	10
7154	10
7155	10
7156	10
7157	10
7158	10
7159	10
7160	10
7161	10
7162	10
7163	10
7164	10
7165	10
7166	10
7167	10
7168	10
7169	10
7170	10
7171	10
7172	10
7173	10
7174	10
7175	10
7176	10
7177	10
7178	10
7179	10
7180	10
7181	10
7182	10
7183	10
7184	10
7185	10
7186	10
7187	10
7188	10
7189	10
7190	10
7191	10
7192	10
7193	10
7194	10
7195	10
7196	10
7197	10
7198	10
7199	10
7200	10
7201	10
7202	10
7203	10
7204	10
7205	10
7206	10
7207	10
7208	10
7209	10
7210	10
7211	10
7212	10
7213	10
7214	10
7215	10
7216	10
7217	10
7218	10
7219	10
7220	10
7221	10
7222	10
7223	10
7224	10
7225	10
7226	10
7227	10
7228	10
7229	10
7230	10
7231	10
7232	10
7233	10
7234	10
7235	10
7236	10
7237	10
7238	10
7239	10
7240	10
7241	10
7242	10
7243	10
7244	10
7245	10
7246	10
7247	10
7248	10
7249	10
7250	10
7251	10
7252	10
7253	10
7254	10
7255	10
7256	10
7257	10
7258	10
7259	10
7260	10
7261	10
7262	10
7263	10
7264	10
7265	10
7266	10
7267	10
7268	10
7269	10
7270	10
7271	10
7272	10
7273	10
7274	10
7275	10
7276	10
7277	10
7278	10
7279	10
7280	10
7281	10
7282	10
7283	10
7284	10
7285	10
7286	10
7287	10
7288	10
7289	10
7290	10
7291	10
7292	10
7293	10
7294	10
7295	10
7296	10
7297	10
7298	10
7299	10
7300	10
7301	10
7302	10
7303	10
7304	10
7305	10
7306	10
7307	10
7308	10
7309	10
7310	10
7311	10
7312	10
7313	10
7314	10
7315	10
7316	10
7317	10
7318	10
7319	10
7320	10
7321	10
7322	10
7323	10
7324	10
7325	10
7326	10
7327	10
7328	10
7329	10
7330	10
7331	10
7332	10
7333	10
7334	10
7335	10
7336	10
7337	10
7338	10
7339	10
7340	10
7341	10
7342	10
7343	10
7344	10
7345	10
7346	10
7347	10
7348	10
7349	10
7350	10
7351	10
7352	10
7353	10
7354	10
7355	10
7356	10
7357	10
7358	10
7359	10
7360	10
7361	10
7362	10
7363	10
7364	10
7365	10
7366	10
7367	10
7368	10
7369	10
7370	10
7371	10
7372	10
7373	10
7374	10
7375	10
7376	10
7377	10
7378	10
7379	10
7380	10
7381	10
7382	10
7383	10
7384	10
7385	10
7386	10
7387	10
7388	10
7389	10
7390	10
7391	10
7392	10
7393	10
7394	10
7395	10
7396	10
7397	10
7398	10
7399	10
7400	10
7401	10
7402	10
7403	10
7404	10
7405	10
7406	10
7407	10
7408	10
7409	10
7410	10
7411	10
7412	10
7413	10
7414	10
7415	10
7416	10
7417	10
7418	10
7419	10
7420	10
7421	10
7422	10
7423	10
7424	10
7425	10
7426	10
7427	10
7428	10
7429	10
7430	10
7431	10
7432	10
7433	10
7434	10
7435	10
7436	10
7437	10
7438	10
7439	10
7440	10
7441	10
7442	10
7443	10
7444	10
7445	10
7446	10
7447	10
7448	10
7449	10
7450	10
7451	10
7452	10
7453	10
7454	10
7455	10
7456	10
7457	10
7458	10
7459	10
7460	10
7461	10
7462	10
7463	10
7464	10
7465	10
7466	10
7467	10
7468	10
7469	10
7470	10
7471	10
7472	10
7473	10
7474	10
7475	10
7476	10
7477	10
7478	10
7479	10
7480	10
7481	10
7482	10
7483	10
7484	10
7485	10
7486	10
7487	10
7488	10
7489	10
7490	10
7491	10
7492	10
7493	10
7494	10
7495	10
7496	10
7497	10
7498	10
7499	10
7500	10
7501	10
7502	10
7503	10
7504	10
7505	10
7506	10
7507	10
7508	10
7509	10
7510	10
7511	10
7512	10
7513	10
7514	10
7515	10
7516	10
7517	10
7518	10
7519	10
7520	10
7521	10
7522	10
7523	10
7524	10
7525	10
7526	10
7527	10
7528	10
7529	10
7530	10
7531	10
7532	10
7533	10
7534	10
7535	10
7536	10
7537	10
7538	10
7539	10
7540	10
7541	10
7542	10
7543	10
7544	10
7545	10
7546	10
7547	10
7548	10
7549	10
7550	10
7551	10
7552	10
7553	10
7554	10
7555	10
7556	10
7557	10
7558	10
7559	10
7560	10
7561	10
7562	10
7563	10
7564	10
7565	10
7566	10
7567	10
7568	10
7569	10
7570	10
7571	10
7572	10
7573	10
7574	10
7575	10
7576	10
7577	10
7578	10
7579	10
7580	10
7581	10
7582	10
7583	10
7584	10
7585	10
7586	10
7587	10
7588	10
7589	10
7590	10
7591	10
7592	10
7593	10
7594	10
7595	10
7596	10
7597	10
7598	10
7599	10
7600	10
7601	10
7602	10
7603	10
7604	10
7605	10
7606	10
7607	10
7608	10
7609	10
7610	10
7611	10
7612	10
7613	10
7614	10
7615	10
7616	10
7617	10
7618	10
7619	10
7620	10
7621	10
7622	10
7623	10
7624	10
7625	10
7626	10
7627	10
7628	10
7629	10
7630	10
7631	10
7632	10
7633	10
7634	10
7635	10
7636	10
7637	10
7638	10
7639	10
7640	10
7641	10
7642	10
7643	10
7644	10
7645	10
7646	10
7647	10
7648	10
7649	10
7650	10
7651	10
7652	10
7653	10
7654	10
7655	10
7656	10
7657	10
7658	10
7659	10
7660	10
7661	10
7662	10
7663	10
7664	10
7665	10
7666	10
7667	10
7668	10
7669	10
7670	10
7671	10
7672	10
7673	10
7674	10
7675	10
7676	10
