1	1
2	1
3	1
4	1
5	1
6	1
7	1
8	1
9	1
10	1
11	1
12	1
13	1
14	1
15	1
16	1
17	1
18	1
19	1
20	1
21	1
22	1
23	1
24	1
25	1
26	1
27	1
28	1
29	1
30	1
31	1
32	1
33	1
34	1
35	1
36	1
37	1
38	1
39	1
40	1
41	1
42	1
43	1
44	1
45	1
46	1
47	1
48	1
49	1
50	1
51	1
52	1
53	1
54	1
55	1
56	1
57	1
58	1
59	1
60	noise
61	1
62	1
63	1
64	1
65	1
66	1
67	1
68	1
69	1
70	1
71	1
72	1
73	1
74	1
75	1
76	1
77	1
78	1
79	1
80	1
81	1
82	1
83	1
84	1
85	1
86	1
87	1
88	1
89	1
90	1
91	1
92	1
93	1
94	1
95	1
96	1
97	1
98	1
99	1
100	1
101	1
102	1
103	1
104	1
105	1
106	1
107	1
108	1
109	1
110	1
111	1
112	1
113	1
114	1
115	1
116	1
117	1
118	1
119	1
120	1
121	1
122	1
123	1
124	1
125	1
126	1
127	1
128	1
129	1
130	1
131	1
132	1
133	1
134	1
135	1
136	1
137	1
138	1
139	1
140	1
141	1
142	1
143	1
144	1
145	1
146	1
147	1
148	1
149	1
150	1
151	1
152	1
153	1
154	1
155	1
156	noise
157	1
158	1
159	1
160	1
161	1
162	1
163	1
164	1
165	1
166	1
167	1
168	1
169	1
170	1
171	1
172	1
173	1
174	1
175	1
176	1
177	1
178	1
179	1
180	1
181	1
182	1
183	noise
184	1
185	1
186	1
187	1
188	1
189	1
190	1
191	1
192	1
193	1
194	1
195	1
196	1
197	1
198	1
199	1
200	1
201	1
202	1
203	1
204	1
205	1
206	1
207	1
208	1
209	1
210	1
211	1
212	1
213	1
214	1
215	1
216	1
217	1
218	1
219	1
220	1
221	1
222	1
223	1
224	1
225	1
226	1
227	1
228	1
229	1
230	1
231	1
232	1
233	1
234	1
235	1
236	1
237	1
238	1
239	1
240	1
241	1
242	1
243	1
244	1
245	1
246	1
247	1
248	1
249	1
250	1
251	1
252	1
253	1
254	1
255	1
256	1
257	1
258	1
259	1
260	1
261	1
262	1
263	1
264	1
265	1
266	1
267	1
268	1
269	1
270	1
271	1
272	1
273	1
274	1
275	1
276	1
277	1
278	1
279	1
280	1
281	1
282	1
283	1
284	1
285	1
286	1
287	1
288	1
289	1
290	1
291	1
292	1
293	1
294	1
295	1
296	1
297	1
298	1
299	1
300	1
301	1
302	1
303	1
304	1
305	1
306	1
307	1
308	1
309	1
310	1
311	1
312	1
313	1
314	1
315	1
316	1
317	1
318	1
319	1
320	1
321	1
322	1
323	1
324	1
325	1
326	1
327	1
328	1
329	noise
330	1
331	1
332	1
333	1
334	1
335	1
336	1
337	1
338	1
339	1
340	1
341	1
342	1
343	1
344	1
345	1
346	1
347	1
348	1
349	1
350	1
351	1
352	1
353	1
354	1
355	1
356	1
357	1
358	1
359	1
360	1
361	1
362	1
363	1
364	1
365	1
366	1
367	1
368	1
369	1
370	1
371	1
372	1
373	1
374	1
375	1
376	1
377	1
378	1
379	1
380	1
381	1
382	1
383	1
384	1
385	1
386	1
387	1
388	1
389	1
390	1
391	1
392	1
393	1
394	1
395	1
396	1
397	1
398	1
399	1
400	1
401	1
402	1
403	1
404	1
405	1
406	1
407	1
408	1
409	1
410	1
411	1
412	1
413	1
414	1
415	1
416	1
417	1
418	1
419	1
420	1
421	1
422	1
423	1
424	1
425	1
426	1
427	1
428	1
429	1
430	1
431	1
432	1
433	1
434	1
435	1
436	1
437	1
438	1
439	1
440	1
441	1
442	1
443	1
444	1
445	1
446	1
447	1
448	1
449	1
450	1
451	1
452	1
453	1
454	1
455	1
456	1
457	1
458	1
459	1
460	1
461	1
462	1
463	1
464	1
465	1
466	1
467	1
468	1
469	1
470	1
471	1
472	1
473	1
474	1
475	1
476	1
477	1
478	1
479	1
480	1
481	1
482	1
483	1
484	1
485	1
486	1
487	1
488	1
489	1
490	1
491	1
492	1
493	1
494	1
495	1
496	1
497	1
498	1
499	1
500	1
501	1
502	1
503	1
504	1
505	noise
506	1
507	1
508	1
509	1
510	1
511	1
512	1
513	1
514	1
515	1
516	1
517	1
518	1
519	1
520	1
521	1
522	1
523	1
524	1
525	1
526	1
527	1
528	1
529	1
530	1
531	1
532	1
533	1
534	1
535	1
536	1
537	1
538	1
539	1
540	1
541	1
542	1
543	1
544	1
545	1
546	1
547	1
548	1
549	1
550	1
551	1
552	1
553	1
554	1
555	1
556	1
557	1
558	1
559	1
560	1
561	1
562	1
563	1
564	1
565	1
566	1
567	1
568	1
569	1
570	1
571	1
572	1
573	1
574	1
575	1
576	1
577	1
578	1
579	1
580	1
581	noise
582	1
583	1
584	1
585	1
586	1
587	1
588	1
589	1
590	1
591	1
592	1
593	1
594	1
595	1
596	1
597	1
598	1
599	1
600	1
601	1
602	1
603	1
604	1
605	1
606	1
607	1
608	1
609	1
610	1
611	1
612	1
613	1
614	1
615	1
616	1
617	1
618	1
619	1
620	1
621	1
622	1
623	1
624	1
625	1
626	1
627	1
628	1
629	1
630	1
631	1
632	1
633	1
634	1
635	1
636	1
637	1
638	1
639	1
640	1
641	1
642	1
643	1
644	1
645	1
646	1
647	1
648	1
649	1
650	1
651	1
652	1
653	1
654	1
655	1
656	1
657	1
658	1
659	1
660	1
661	1
662	1
663	1
664	1
665	1
666	1
667	1
668	1
669	1
670	1
671	1
672	1
673	1
674	1
675	1
676	1
677	1
678	1
679	1
680	1
681	1
682	1
683	1
684	1
685	1
686	1
687	1
688	1
689	1
690	1
691	1
692	1
693	1
694	1
695	1
696	1
697	1
698	1
699	1
700	1
701	1
702	1
703	1
704	1
705	1
706	1
707	1
708	1
709	1
710	1
711	1
712	1
713	1
714	1
715	1
716	1
717	1
718	1
719	1
720	1
721	1
722	1
723	1
724	1
725	1
726	1
727	1
728	1
729	1
730	1
731	1
732	1
733	1
734	1
735	1
736	1
737	1
738	1
739	1
740	1
741	1
742	1
743	1
744	1
745	1
746	1
747	1
748	1
749	1
750	1
751	1
752	1
753	1
754	1
755	1
756	1
757	1
758	1
759	1
760	1
761	1
762	1
763	1
764	1
765	1
766	1
767	1
768	1
769	1
770	1
771	1
772	1
773	1
774	1
775	1
776	1
777	1
778	1
779	1
780	1
781	1
782	1
783	1
784	1
785	1
786	1
787	1
788	1
789	1
790	1
791	1
792	1
793	1
794	1
795	1
796	1
797	1
798	1
799	1
800	1
801	1
802	1
803	1
804	1
805	1
806	1
807	1
808	1
809	1
810	1
811	1
812	1
813	1
814	1
815	1
816	1
817	1
818	1
819	1
820	1
821	1
822	1
823	1
824	1
825	1
826	1
827	1
828	1
829	1
830	1
831	1
832	1
833	1
834	1
835	1
836	1
837	1
838	1
839	1
840	1
841	1
842	1
843	1
844	1
845	1
846	1
847	1
848	1
849	1
850	1
851	1
852	1
853	1
854	1
855	1
856	1
857	1
858	1
859	1
860	1
861	noise
862	1
863	1
864	1
865	1
866	1
867	1
868	1
869	1
870	1
871	1
872	1
873	1
874	1
875	1
876	1
877	1
878	1
879	1
880	1
881	1
882	1
883	1
884	1
885	1
886	1
887	1
888	1
889	1
890	1
891	1
892	1
893	1
894	1
895	1
896	1
897	1
898	1
899	1
900	1
901	2
902	2
903	2
904	2
905	2
906	2
907	2
908	2
909	2
910	2
911	2
912	2
913	2
914	2
915	2
916	2
917	2
918	2
919	2
920	2
921	2
922	2
923	2
924	2
925	2
926	2
927	2
928	2
929	2
930	2
931	2
932	2
933	2
934	2
935	2
936	2
937	2
938	2
939	2
940	2
941	2
942	2
943	2
944	2
945	2
946	2
947	2
948	2
949	2
950	2
951	2
952	2
953	2
954	2
955	2
956	2
957	2
958	2
959	2
960	2
961	2
962	2
963	2
964	2
965	2
966	2
967	2
968	2
969	2
970	2
971	2
972	2
973	2
974	2
975	2
976	2
977	2
978	2
979	2
980	2
981	2
982	2
983	2
984	2
985	2
986	2
987	2
988	2
989	2
990	2
991	2
992	2
993	2
994	2
995	2
996	2
997	2
998	2
999	2
1000	2
1001	2
1002	2
1003	2
1004	2
1005	2
1006	2
1007	2
1008	2
1009	2
1010	2
1011	2
1012	2
1013	2
1014	2
1015	2
1016	2
1017	2
1018	2
1019	2
1020	2
1021	2
1022	2
1023	2
1024	2
1025	2
1026	2
1027	2
1028	2
1029	2
1030	2
1031	2
1032	2
1033	2
1034	2
1035	2
1036	2
1037	2
1038	2
1039	2
1040	2
1041	2
1042	2
1043	2
1044	2
1045	2
1046	2
1047	2
1048	2
1049	2
1050	2
1051	2
1052	2
1053	2
1054	2
1055	2
1056	2
1057	2
1058	2
1059	2
1060	2
1061	2
1062	2
1063	2
1064	2
1065	2
1066	2
1067	2
1068	2
1069	2
1070	2
1071	2
1072	2
1073	2
1074	2
1075	2
1076	2
1077	2
1078	2
1079	2
1080	2
1081	2
1082	2
1083	2
1084	2
1085	2
1086	2
1087	2
1088	2
1089	2
1090	2
1091	2
1092	2
1093	2
1094	2
1095	2
1096	2
1097	2
1098	2
1099	2
1100	2
1101	2
1102	2
1103	2
1104	2
1105	2
1106	2
1107	2
1108	2
1109	2
1110	2
1111	2
1112	2
1113	2
1114	2
1115	2
1116	2
1117	2
1118	2
1119	2
1120	2
1121	2
1122	2
1123	2
1124	2
1125	2
1126	2
1127	2
1128	2
1129	2
1130	2
1131	2
1132	2
1133	2
1134	2
1135	2
1136	2
1137	2
1138	2
1139	2
1140	2
1141	2
1142	2
1143	2
1144	2
1145	2
1146	2
1147	2
1148	2
1149	2
1150	2
1151	2
1152	2
1153	2
1154	2
1155	2
1156	2
1157	2
1158	2
1159	2
1160	2
1161	2
1162	2
1163	2
1164	2
1165	2
1166	2
1167	2
1168	2
1169	2
1170	2
1171	2
1172	2
1173	2
1174	2
1175	2
1176	2
1177	2
1178	2
1179	2
1180	2
1181	2
1182	2
1183	2
1184	2
1185	2
1186	2
1187	2
1188	2
1189	2
1190	2
1191	2
1192	2
1193	2
1194	2
1195	2
1196	2
1197	2
1198	2
1199	2
1200	2
1201	2
1202	2
1203	2
1204	2
1205	2
1206	2
1207	2
1208	2
1209	2
1210	2
1211	2
1212	2
1213	2
1214	2
1215	2
1216	2
1217	2
1218	2
1219	2
1220	2
1221	2
1222	2
1223	2
1224	2
1225	2
1226	2
1227	2
1228	2
1229	2
1230	2
1231	2
1232	2
1233	2
1234	2
1235	2
1236	2
1237	2
1238	2
1239	2
1240	2
1241	2
1242	2
1243	2
1244	2
1245	2
1246	2
1247	2
1248	2
1249	2
1250	2
1251	2
1252	2
1253	2
1254	2
1255	2
1256	2
1257	2
1258	2
1259	2
1260	2
1261	2
1262	2
1263	2
1264	2
1265	2
1266	2
1267	2
1268	2
1269	2
1270	2
1271	2
1272	2
1273	2
1274	2
1275	2
1276	2
1277	2
1278	2
1279	2
1280	2
1281	2
1282	2
1283	2
1284	2
1285	2
1286	2
1287	2
1288	2
1289	2
1290	2
1291	2
1292	2
1293	2
1294	2
1295	2
1296	2
1297	2
1298	2
1299	2
1300	2
1301	2
1302	2
1303	2
1304	2
1305	2
1306	2
1307	2
1308	2
1309	2
1310	2
1311	2
1312	2
1313	2
1314	2
1315	2
1316	2
1317	2
1318	2
1319	2
1320	2
1321	2
1322	2
1323	2
1324	2
1325	2
1326	2
1327	2
1328	2
1329	2
1330	2
1331	2
1332	2
1333	2
1334	2
1335	2
1336	2
1337	2
1338	2
1339	2
1340	2
1341	2
1342	2
1343	2
1344	2
1345	2
1346	2
1347	2
1348	2
1349	2
1350	2
1351	2
1352	2
1353	2
1354	2
1355	2
1356	2
1357	2
1358	2
1359	2
1360	2
1361	2
1362	2
1363	2
1364	2
1365	2
1366	2
1367	2
1368	2
1369	2
1370	2
1371	2
1372	2
1373	2
1374	2
1375	2
1376	2
1377	2
1378	2
1379	2
1380	2
1381	2
1382	2
1383	2
1384	2
1385	2
1386	2
1387	2
1388	2
1389	2
1390	2
1391	2
1392	2
1393	2
1394	2
1395	2
1396	2
1397	2
1398	2
1399	2
1400	2
1401	2
1402	2
1403	2
1404	2
1405	2
1406	2
1407	2
1408	2
1409	2
1410	2
1411	2
1412	2
1413	2
1414	2
1415	2
1416	2
1417	2
1418	2
1419	2
1420	2
1421	2
1422	2
1423	2
1424	2
1425	2
1426	2
1427	2
1428	2
1429	2
1430	2
1431	2
1432	2
1433	2
1434	2
1435	2
1436	2
1437	2
1438	2
1439	2
1440	2
1441	2
1442	2
1443	2
1444	2
1445	2
1446	2
1447	2
1448	2
1449	2
1450	2
1451	2
1452	2
1453	2
1454	2
1455	2
1456	2
1457	2
1458	2
1459	2
1460	2
1461	2
1462	2
1463	2
1464	2
1465	2
1466	2
1467	2
1468	2
1469	2
1470	2
1471	2
1472	2
1473	2
1474	2
1475	2
1476	2
1477	2
1478	2
1479	2
1480	2
1481	2
1482	2
1483	2
1484	2
1485	2
1486	2
1487	2
1488	2
1489	2
1490	2
1491	2
1492	2
1493	2
1494	2
1495	2
1496	2
1497	2
1498	2
1499	2
1500	2
1501	2
1502	2
1503	2
1504	2
1505	2
1506	2
1507	2
1508	2
1509	2
1510	2
1511	2
1512	2
1513	2
1514	2
1515	2
1516	2
1517	2
1518	2
1519	2
1520	2
1521	2
1522	2
1523	2
1524	2
1525	2
1526	2
1527	2
1528	2
1529	2
1530	2
1531	2
1532	2
1533	2
1534	2
1535	2
1536	2
1537	2
1538	2
1539	2
1540	2
1541	2
1542	2
1543	2
1544	2
1545	2
1546	2
1547	2
1548	2
1549	2
1550	2
1551	2
1552	2
1553	2
1554	2
1555	2
1556	2
1557	2
1558	2
1559	2
1560	2
1561	2
1562	2
1563	2
1564	2
1565	2
1566	2
1567	2
1568	2
1569	2
1570	2
1571	2
1572	2
1573	2
1574	2
1575	2
1576	3
1577	3
1578	3
1579	3
1580	3
1581	3
1582	3
1583	3
1584	3
1585	3
1586	3
1587	3
1588	3
1589	3
1590	3
1591	3
1592	3
1593	3
1594	3
1595	3
1596	3
1597	3
1598	3
1599	3
1600	3
1601	3
1602	3
1603	3
1604	3
1605	3
1606	3
1607	3
1608	3
1609	3
1610	3
1611	3
1612	3
1613	3
1614	3
1615	3
1616	3
1617	3
1618	3
1619	3
1620	3
1621	3
1622	3
1623	3
1624	3
1625	3
1626	3
1627	3
1628	3
1629	3
1630	3
1631	3
1632	3
1633	3
1634	3
1635	3
1636	3
1637	3
1638	3
1639	3
1640	3
1641	3
1642	3
1643	3
1644	3
1645	3
1646	3
1647	3
1648	3
1649	3
1650	3
1651	3
1652	3
1653	3
1654	3
1655	3
1656	3
1657	3
1658	3
1659	3
1660	3
1661	3
1662	3
1663	3
1664	3
1665	3
1666	3
1667	3
1668	3
1669	3
1670	3
1671	3
1672	3
1673	3
1674	3
1675	3
1676	3
1677	3
1678	3
1679	3
1680	3
1681	3
1682	3
1683	3
1684	3
1685	3
1686	3
1687	3
1688	3
1689	3
1690	3
1691	3
1692	3
1693	3
1694	3
1695	3
1696	3
1697	3
1698	3
1699	3
1700	3
1701	3
1702	3
1703	3
1704	3
1705	3
1706	3
1707	3
1708	3
1709	3
1710	3
1711	3
1712	3
1713	3
1714	3
1715	3
1716	3
1717	3
1718	3
1719	3
1720	3
1721	3
1722	3
1723	3
1724	3
1725	3
1726	3
1727	3
1728	3
1729	3
1730	3
1731	3
1732	3
1733	3
1734	3
1735	3
1736	3
1737	3
1738	3
1739	3
1740	3
1741	3
1742	3
1743	3
1744	3
1745	3
1746	3
1747	3
1748	3
1749	3
1750	3
1751	3
1752	3
1753	3
1754	3
1755	3
1756	3
1757	3
1758	3
1759	3
1760	3
1761	3
1762	3
1763	3
1764	3
1765	3
1766	3
1767	3
1768	3
1769	3
1770	3
1771	3
1772	3
1773	3
1774	3
1775	3
1776	3
1777	3
1778	3
1779	3
1780	3
1781	3
1782	3
1783	3
1784	3
1785	3
1786	3
1787	3
1788	3
1789	3
1790	3
1791	3
1792	3
1793	3
1794	3
1795	3
1796	3
1797	3
1798	3
1799	3
1800	3
1801	3
1802	3
1803	3
1804	3
1805	3
1806	3
1807	3
1808	3
1809	3
1810	3
1811	3
1812	3
1813	3
1814	3
1815	3
1816	3
1817	3
1818	3
1819	3
1820	3
1821	3
1822	3
1823	3
1824	3
1825	3
1826	3
1827	3
1828	3
1829	3
1830	3
1831	3
1832	3
1833	3
1834	3
1835	3
1836	3
1837	3
1838	3
1839	3
1840	3
1841	3
1842	3
1843	3
1844	3
1845	3
1846	3
1847	3
1848	3
1849	3
1850	3
1851	3
1852	3
1853	3
1854	3
1855	3
1856	3
1857	3
1858	3
1859	3
1860	3
1861	3
1862	3
1863	3
1864	3
1865	3
1866	3
1867	3
1868	3
1869	3
1870	3
1871	3
1872	3
1873	3
1874	3
1875	3
1876	3
1877	3
1878	3
1879	3
1880	3
1881	3
1882	3
1883	3
1884	3
1885	3
1886	3
1887	3
1888	3
1889	3
1890	3
1891	3
1892	3
1893	3
1894	3
1895	3
1896	3
1897	3
1898	3
1899	3
1900	3
1901	3
1902	3
1903	3
1904	3
1905	3
1906	3
1907	3
1908	3
1909	3
1910	3
1911	3
1912	3
1913	3
1914	3
1915	3
1916	3
1917	3
1918	3
1919	3
1920	3
1921	3
1922	3
1923	3
1924	3
1925	3
1926	3
1927	3
1928	3
1929	3
1930	3
1931	3
1932	3
1933	3
1934	3
1935	3
1936	3
1937	3
1938	3
1939	3
1940	3
1941	3
1942	3
1943	3
1944	3
1945	3
1946	3
1947	3
1948	3
1949	3
1950	3
1951	3
1952	3
1953	3
1954	3
1955	3
1956	3
1957	3
1958	3
1959	3
1960	3
1961	3
1962	3
1963	3
1964	3
1965	3
1966	3
1967	3
1968	3
1969	3
1970	3
1971	3
1972	3
1973	3
1974	3
1975	3
1976	3
1977	3
1978	3
1979	3
1980	3
1981	4
1982	4
1983	4
1984	4
1985	4
1986	4
1987	4
1988	4
1989	4
1990	4
1991	4
1992	4
1993	4
1994	4
1995	4
1996	4
1997	4
1998	4
1999	4
2000	4
2001	4
2002	4
2003	4
2004	4
2005	4
2006	4
2007	4
2008	4
2009	4
2010	4
2011	4
2012	4
2013	4
2014	4
2015	4
2016	4
2017	4
2018	4
2019	4
2020	4
2021	4
2022	4
2023	4
2024	4
2025	4
2026	4
2027	4
2028	4
2029	4
2030	4
2031	4
2032	4
2033	4
2034	4
2035	4
2036	4
2037	4
2038	4
2039	4
2040	4
2041	4
2042	4
2043	4
2044	4
2045	4
2046	4
2047	4
2048	4
2049	4
2050	4
2051	4
2052	4
2053	4
2054	4
2055	4
2056	4
2057	4
2058	4
2059	4
2060	4
2061	4
2062	4
2063	4
2064	4
2065	4
2066	4
2067	4
2068	4
2069	4
2070	4
2071	4
2072	4
2073	4
2074	4
2075	4
2076	4
2077	4
2078	4
2079	4
2080	4
2081	4
2082	4
2083	4
2084	4
2085	4
2086	4
2087	4
2088	4
2089	4
2090	4
2091	4
2092	4
2093	4
2094	4
2095	4
2096	4
2097	4
2098	4
2099	4
2100	4
2101	4
2102	4
2103	4
2104	4
2105	4
2106	4
2107	4
2108	4
2109	4
2110	4
2111	4
2112	4
2113	4
2114	4
2115	4
2116	4
2117	4
2118	4
2119	4
2120	4
2121	4
2122	4
2123	4
2124	4
2125	4
2126	4
2127	4
2128	4
2129	4
2130	4
2131	4
2132	4
2133	4
2134	4
2135	4
2136	4
2137	4
2138	4
2139	4
2140	4
2141	4
2142	4
2143	4
2144	4
2145	4
2146	4
2147	4
2148	4
2149	4
2150	4
2151	4
2152	4
2153	4
2154	4
2155	4
2156	4
2157	4
2158	4
2159	4
2160	4
2161	4
2162	4
2163	4
2164	4
2165	4
2166	4
2167	4
2168	4
2169	4
2170	4
2171	4
2172	4
2173	4
2174	4
2175	4
2176	4
2177	4
2178	4
2179	4
2180	4
2181	4
2182	4
2183	4
2184	4
2185	4
2186	4
2187	4
2188	4
2189	4
2190	4
2191	4
2192	4
2193	4
2194	4
2195	4
2196	4
2197	4
2198	4
2199	4
2200	4
2201	4
2202	4
2203	4
2204	4
2205	4
2206	4
2207	4
2208	4
2209	4
2210	4
2211	4
2212	4
2213	4
2214	4
2215	4
2216	4
2217	4
2218	4
2219	4
2220	4
2221	4
2222	4
2223	4
2224	4
2225	4
2226	4
2227	4
2228	4
2229	4
2230	4
2231	4
2232	4
2233	4
2234	4
2235	4
2236	4
2237	4
2238	4
2239	4
2240	4
2241	4
2242	4
2243	4
2244	4
2245	4
2246	4
2247	4
2248	4
2249	4
2250	4
2251	5
2252	5
2253	5
2254	5
2255	5
2256	5
2257	5
2258	5
2259	5
2260	5
2261	5
2262	5
2263	5
2264	5
2265	5
2266	5
2267	5
2268	5
2269	5
2270	5
2271	5
2272	5
2273	5
2274	5
2275	5
2276	5
2277	5
2278	5
2279	5
2280	5
2281	5
2282	5
2283	5
2284	5
2285	5
2286	5
2287	5
2288	5
2289	5
2290	5
2291	5
2292	5
2293	5
2294	5
2295	5
2296	5
2297	5
2298	5
2299	5
2300	5
2301	5
2302	5
2303	5
2304	5
2305	5
2306	5
2307	5
2308	5
2309	5
2310	5
2311	5
2312	5
2313	5
2314	5
2315	5
2316	5
2317	5
2318	5
2319	5
2320	5
2321	5
2322	5
2323	5
2324	5
2325	5
2326	5
2327	5
2328	5
2329	5
2330	5
2331	5
2332	5
2333	5
2334	5
2335	5
2336	5
2337	5
2338	5
2339	5
2340	5
2341	5
2342	5
2343	5
2344	5
2345	5
2346	5
2347	5
2348	5
2349	5
2350	5
2351	5
2352	5
2353	5
2354	5
2355	5
2356	5
2357	5
2358	5
2359	5
2360	5
2361	5
2362	5
2363	5
2364	5
2365	5
2366	5
2367	5
2368	5
2369	5
2370	5
2371	5
2372	5
2373	5
2374	5
2375	5
2376	5
2377	5
2378	5
2379	5
2380	5
2381	5
2382	5
2383	5
2384	5
2385	5
2386	5
2387	5
2388	5
2389	5
2390	5
2391	5
2392	5
2393	5
2394	5
2395	5
2396	5
2397	5
2398	5
2399	5
2400	5
2401	5
2402	5
2403	5
2404	5
2405	5
2406	5
2407	5
2408	5
2409	5
2410	5
2411	5
2412	5
2413	5
2414	5
2415	5
2416	5
2417	5
2418	5
2419	5
2420	5
2421	5
2422	5
2423	5
2424	5
2425	5
2426	5
2427	5
2428	5
2429	5
2430	5
2431	5
2432	5
2433	5
2434	5
2435	5
2436	5
2437	5
2438	5
2439	5
2440	5
2441	5
2442	5
2443	5
2444	5
2445	5
2446	5
2447	5
2448	5
2449	5
2450	5
2451	5
2452	5
2453	5
2454	5
2455	5
2456	5
2457	5
2458	5
2459	5
2460	5
2461	5
2462	5
2463	5
2464	5
2465	5
2466	5
2467	5
2468	5
2469	5
2470	5
2471	5
2472	5
2473	5
2474	5
2475	5
2476	5
2477	5
2478	5
2479	5
2480	5
2481	5
2482	5
2483	5
2484	5
2485	5
2486	5
2487	5
2488	5
2489	5
2490	5
2491	5
2492	5
2493	5
2494	5
2495	5
2496	5
2497	5
2498	5
2499	5
2500	5
2501	5
2502	5
2503	5
2504	5
2505	5
2506	5
2507	5
2508	5
2509	5
2510	5
2511	5
2512	5
2513	5
2514	5
2515	5
2516	5
2517	5
2518	5
2519	5
2520	5
2521	5
2522	5
2523	5
2524	5
2525	5
2526	5
2527	5
2528	5
2529	5
2530	5
2531	5
2532	5
2533	5
2534	5
2535	5
2536	5
2537	5
2538	5
2539	5
2540	5
2541	5
2542	5
2543	5
2544	5
2545	5
2546	5
2547	5
2548	5
2549	5
2550	5
2551	5
2552	5
2553	5
2554	5
2555	5
2556	5
2557	5
2558	5
2559	5
2560	5
2561	5
2562	5
2563	5
2564	5
2565	5
2566	5
2567	5
2568	5
2569	5
2570	5
2571	5
2572	5
2573	5
2574	5
2575	5
2576	5
2577	5
2578	5
2579	5
2580	5
2581	5
2582	5
2583	5
2584	5
2585	5
2586	5
2587	5
2588	5
2589	5
2590	5
2591	5
2592	5
2593	5
2594	5
2595	5
2596	5
2597	5
2598	5
2599	5
2600	5
2601	5
2602	5
2603	5
2604	5
2605	5
2606	5
2607	5
2608	5
2609	5
2610	5
2611	5
2612	5
2613	5
2614	5
2615	5
2616	5
2617	5
2618	5
2619	5
2620	5
2621	5
2622	5
2623	5
2624	5
2625	5
2626	5
2627	5
2628	5
2629	5
2630	5
2631	5
2632	5
2633	5
2634	5
2635	5
2636	5
2637	5
2638	5
2639	5
2640	5
2641	5
2642	5
2643	5
2644	5
2645	5
2646	5
2647	5
2648	5
2649	5
2650	5
2651	5
2652	5
2653	5
2654	5
2655	5
2656	5
2657	5
2658	5
2659	5
2660	5
2661	5
2662	5
2663	5
2664	5
2665	5
2666	5
2667	5
2668	5
2669	5
2670	5
2671	5
2672	5
2673	5
2674	5
2675	5
2676	5
2677	5
2678	5
2679	5
2680	5
2681	5
2682	5
2683	5
2684	5
2685	5
2686	5
2687	5
2688	5
2689	5
2690	5
2691	5
2692	5
2693	5
2694	5
2695	5
2696	5
2697	5
2698	5
2699	5
2700	5
2701	6
2702	6
2703	6
2704	6
2705	6
2706	6
2707	6
2708	6
2709	6
2710	6
2711	6
2712	6
2713	6
2714	6
2715	6
2716	6
2717	6
2718	6
2719	6
2720	6
2721	6
2722	6
2723	6
2724	6
2725	6
2726	6
2727	6
2728	6
2729	6
2730	6
2731	6
2732	6
2733	6
2734	6
2735	6
2736	6
2737	6
2738	6
2739	6
2740	6
2741	6
2742	6
2743	6
2744	6
2745	6
2746	6
2747	6
2748	6
2749	6
2750	6
2751	6
2752	6
2753	6
2754	6
2755	6
2756	6
2757	6
2758	6
2759	6
2760	6
2761	6
2762	6
2763	6
2764	6
2765	6
2766	6
2767	6
2768	6
2769	6
2770	6
2771	6
2772	6
2773	6
2774	6
2775	6
2776	6
2777	6
2778	6
2779	6
2780	6
2781	6
2782	6
2783	6
2784	6
2785	6
2786	6
2787	6
2788	6
2789	6
2790	6
2791	6
2792	6
2793	6
2794	6
2795	6
2796	6
2797	6
2798	6
2799	6
2800	6
2801	6
2802	6
2803	6
2804	6
2805	6
2806	6
2807	6
2808	6
2809	6
2810	6
2811	6
2812	6
2813	6
2814	6
2815	6
2816	6
2817	6
2818	6
2819	6
2820	6
2821	6
2822	6
2823	6
2824	6
2825	6
2826	6
2827	6
2828	6
2829	6
2830	6
2831	6
2832	6
2833	6
2834	6
2835	6
2836	6
2837	6
2838	6
2839	6
2840	6
2841	6
2842	6
2843	6
2844	6
2845	6
2846	6
2847	6
2848	6
2849	6
2850	6
2851	6
2852	6
2853	6
2854	6
2855	6
2856	6
2857	6
2858	6
2859	6
2860	6
2861	6
2862	6
2863	6
2864	6
2865	6
2866	6
2867	6
2868	6
2869	6
2870	6
2871	6
2872	6
2873	6
2874	6
2875	6
2876	6
2877	6
2878	6
2879	6
2880	6
2881	6
2882	6
2883	6
2884	6
2885	6
2886	6
2887	6
2888	6
2889	6
2890	6
2891	6
2892	6
2893	6
2894	6
2895	6
2896	6
2897	6
2898	6
2899	6
2900	6
2901	6
2902	6
2903	6
2904	6
2905	6
2906	6
2907	6
2908	6
2909	6
2910	6
2911	6
2912	6
2913	6
2914	6
2915	6
2916	6
2917	6
2918	6
2919	6
2920	6
2921	6
2922	6
2923	6
2924	6
2925	6
2926	6
2927	6
2928	6
2929	6
2930	6
2931	6
2932	6
2933	6
2934	6
2935	6
2936	6
2937	6
2938	6
2939	6
2940	6
2941	6
2942	6
2943	6
2944	6
2945	6
2946	6
2947	6
2948	6
2949	6
2950	6
2951	6
2952	6
2953	6
2954	6
2955	6
2956	6
2957	6
2958	6
2959	6
2960	6
2961	6
2962	6
2963	6
2964	6
2965	6
2966	6
2967	6
2968	6
2969	6
2970	6
2971	6
2972	6
2973	6
2974	6
2975	6
2976	6
2977	6
2978	6
2979	6
2980	6
2981	6
2982	6
2983	6
2984	6
2985	6
2986	6
2987	6
2988	6
2989	6
2990	6
2991	6
2992	6
2993	6
2994	6
2995	6
2996	6
2997	6
2998	6
2999	6
3000	6
3001	6
3002	6
3003	6
3004	6
3005	6
3006	6
3007	6
3008	6
3009	6
3010	6
3011	6
3012	6
3013	6
3014	6
3015	6
3016	6
3017	6
3018	6
3019	6
3020	6
3021	6
3022	6
3023	6
3024	6
3025	6
3026	6
3027	6
3028	6
3029	6
3030	6
3031	6
3032	6
3033	6
3034	6
3035	6
3036	6
3037	6
3038	6
3039	6
3040	6
3041	6
3042	6
3043	6
3044	6
3045	6
3046	6
3047	6
3048	6
3049	6
3050	6
3051	6
3052	6
3053	6
3054	6
3055	6
3056	6
3057	6
3058	6
3059	6
3060	6
3061	6
3062	6
3063	6
3064	6
3065	6
3066	6
3067	6
3068	6
3069	6
3070	6
3071	6
3072	6
3073	6
3074	6
3075	6
3076	6
3077	6
3078	6
3079	6
3080	6
3081	6
3082	6
3083	6
3084	6
3085	6
3086	6
3087	6
3088	6
3089	6
3090	6
3091	6
3092	6
3093	6
3094	6
3095	6
3096	6
3097	6
3098	6
3099	6
3100	6
3101	6
3102	6
3103	6
3104	6
3105	6
3106	6
3107	6
3108	6
3109	6
3110	6
3111	6
3112	6
3113	6
3114	6
3115	6
3116	6
3117	6
3118	6
3119	6
3120	6
3121	6
3122	6
3123	6
3124	6
3125	6
3126	6
3127	6
3128	6
3129	6
3130	6
3131	6
3132	6
3133	6
3134	6
3135	6
3136	6
3137	6
3138	6
3139	6
3140	6
3141	6
3142	6
3143	6
3144	6
3145	6
3146	6
3147	6
3148	6
3149	6
3150	6
3151	7
3152	7
3153	7
3154	7
3155	7
3156	7
3157	7
3158	7
3159	7
3160	7
3161	7
3162	7
3163	7
3164	7
3165	7
3166	7
3167	7
3168	7
3169	7
3170	7
3171	7
3172	7
3173	7
3174	7
3175	7
3176	7
3177	7
3178	7
3179	7
3180	7
3181	7
3182	7
3183	7
3184	7
3185	7
3186	7
3187	7
3188	7
3189	7
3190	7
3191	7
3192	7
3193	7
3194	7
3195	7
3196	7
3197	7
3198	7
3199	7
3200	7
3201	7
3202	7
3203	7
3204	7
3205	7
3206	7
3207	7
3208	7
3209	7
3210	7
3211	7
3212	7
3213	7
3214	7
3215	7
3216	7
3217	7
3218	7
3219	7
3220	7
3221	7
3222	7
3223	7
3224	7
3225	7
3226	7
3227	7
3228	7
3229	7
3230	7
3231	7
3232	7
3233	7
3234	7
3235	7
3236	7
3237	7
3238	7
3239	7
3240	7
3241	7
3242	7
3243	7
3244	7
3245	7
3246	7
3247	7
3248	7
3249	7
3250	7
3251	7
3252	7
3253	7
3254	7
3255	7
3256	7
3257	7
3258	7
3259	7
3260	7
3261	7
3262	7
3263	7
3264	7
3265	7
3266	7
3267	7
3268	7
3269	7
3270	7
3271	7
3272	7
3273	7
3274	7
3275	7
3276	7
3277	7
3278	7
3279	7
3280	7
3281	7
3282	7
3283	7
3284	7
3285	7
3286	7
3287	7
3288	7
3289	7
3290	7
3291	7
3292	7
3293	7
3294	7
3295	7
3296	7
3297	7
3298	7
3299	7
3300	7
3301	7
3302	7
3303	7
3304	7
3305	7
3306	7
3307	7
3308	7
3309	7
3310	7
3311	7
3312	7
3313	7
3314	7
3315	7
3316	7
3317	7
3318	7
3319	7
3320	7
3321	7
3322	7
3323	7
3324	7
3325	7
3326	7
3327	7
3328	7
3329	7
3330	7
3331	7
3332	7
3333	7
3334	7
3335	7
3336	7
3337	7
3338	7
3339	7
3340	7
3341	7
3342	7
3343	7
3344	7
3345	7
3346	7
3347	7
3348	7
3349	7
3350	7
3351	7
3352	7
3353	7
3354	7
3355	7
3356	7
3357	7
3358	7
3359	7
3360	7
3361	7
3362	7
3363	7
3364	7
3365	7
3366	7
3367	7
3368	7
3369	7
3370	7
3371	7
3372	7
3373	7
3374	7
3375	7
3376	7
3377	7
3378	7
3379	7
3380	7
3381	7
3382	7
3383	7
3384	7
3385	7
3386	7
3387	7
3388	7
3389	7
3390	7
3391	7
3392	7
3393	7
3394	7
3395	7
3396	7
3397	7
3398	7
3399	7
3400	7
3401	7
3402	7
3403	7
3404	7
3405	7
3406	7
3407	7
3408	7
3409	7
3410	7
3411	7
3412	7
3413	7
3414	7
3415	7
3416	7
3417	7
3418	7
3419	7
3420	7
3421	7
3422	7
3423	7
3424	7
3425	7
3426	7
3427	7
3428	7
3429	7
3430	7
3431	7
3432	7
3433	7
3434	7
3435	7
3436	7
3437	7
3438	7
3439	7
3440	7
3441	7
3442	7
3443	7
3444	7
3445	7
3446	7
3447	7
3448	7
3449	7
3450	7
3451	7
3452	7
3453	7
3454	7
3455	7
3456	7
3457	7
3458	7
3459	7
3460	7
3461	7
3462	7
3463	7
3464	7
3465	7
3466	7
3467	7
3468	7
3469	7
3470	7
3471	7
3472	7
3473	7
3474	7
3475	7
3476	7
3477	7
3478	7
3479	7
3480	7
3481	7
3482	7
3483	7
3484	7
3485	7
3486	7
3487	7
3488	7
3489	7
3490	7
3491	7
3492	7
3493	7
3494	7
3495	7
3496	7
3497	7
3498	7
3499	7
3500	7
3501	7
3502	7
3503	7
3504	7
3505	7
3506	7
3507	7
3508	7
3509	7
3510	7
3511	7
3512	7
3513	7
3514	7
3515	7
3516	7
3517	7
3518	7
3519	7
3520	7
3521	7
3522	7
3523	7
3524	7
3525	7
3526	7
3527	7
3528	7
3529	7
3530	7
3531	7
3532	7
3533	7
3534	7
3535	7
3536	7
3537	7
3538	7
3539	7
3540	7
3541	7
3542	7
3543	7
3544	7
3545	7
3546	7
3547	7
3548	7
3549	7
3550	7
3551	7
3552	7
3553	7
3554	7
3555	7
3556	7
3557	7
3558	7
3559	7
3560	7
3561	7
3562	7
3563	7
3564	7
3565	7
3566	7
3567	7
3568	7
3569	7
3570	7
3571	7
3572	7
3573	7
3574	7
3575	7
3576	7
3577	7
3578	7
3579	7
3580	7
3581	7
3582	7
3583	7
3584	7
3585	7
3586	7
3587	7
3588	7
3589	7
3590	7
3591	7
3592	7
3593	7
3594	7
3595	7
3596	7
3597	7
3598	7
3599	7
3600	7
3601	noise
3602	noise
3603	noise
3604	noise
3605	noise
3606	noise
3607	noise
3608	noise
3609	noise
3610	noise
3611	noise
3612	noise
3613	noise
3614	noise
3615	noise
3616	noise
3617	noise
3618	noise
3619	noise
3620	noise
3621	noise
3622	noise
3623	noise
3624	noise
3625	noise
3626	noise
3627	noise
3628	noise
3629	noise
3630	noise
3631	noise
3632	noise
3633	noise
3634	noise
3635	noise
3636	noise
3637	noise
3638	noise
3639	noise
3640	noise
3641	noise
3642	noise
3643	noise
3644	2
3645	3
3646	noise
3647	noise
3648	noise
3649	noise
3650	noise
3651	noise
3652	noise
3653	noise
3654	noise
3655	noise
3656	noise
3657	noise
3658	noise
3659	noise
3660	noise
3661	noise
3662	noise
3663	noise
3664	noise
3665	noise
3666	noise
3667	noise
3668	noise
3669	noise
3670	noise
3671	noise
3672	noise
3673	noise
