1	2
2	3
3	1
4	2
5	2
6	7
7	7
8	8
9	2
10	3
11	6
12	8
13	7
14	7
15	5
16	8
17	7
18	7
19	2
20	8
21	9
22	7
23	7
24	8
25	6
26	7
27	noise
28	7
29	2
30	noise
31	9
32	2
33	7
34	2
35	6
36	8
37	2
38	7
39	9
40	noise
41	7
42	2
43	noise
44	9
45	3
46	2
47	2
48	7
49	noise
50	2
51	7
52	7
53	4
54	9
55	2
56	7
57	2
58	7
59	2
60	8
61	2
62	3
63	6
64	7
65	2
66	1
67	7
68	7
69	4
70	2
71	7
72	2
73	9
74	noise
75	9
76	5
77	7
78	7
79	9
80	5
81	7
82	8
83	2
84	9
85	2
86	8
87	2
88	2
89	noise
90	noise
91	4
92	8
93	7
94	9
95	7
96	8
97	5
98	7
99	4
100	7
101	2
102	8
103	2
104	2
105	7
106	6
107	8
108	2
109	7
110	5
111	7
112	8
113	9
114	7
115	3
116	9
117	2
118	2
119	7
120	9
121	noise
122	8
123	8
124	2
125	2
126	2
127	4
128	noise
129	7
130	9
131	8
132	9
133	2
134	6
135	7
136	7
137	2
138	7
139	6
140	8
141	2
142	4
143	7
144	7
145	9
146	5
147	7
148	2
149	2
150	2
151	2
152	6
153	7
154	2
155	9
156	7
157	3
158	7
159	7
160	6
161	2
162	9
163	8
164	9
165	5
166	4
167	2
168	2
169	7
170	6
171	2
172	9
173	noise
174	2
175	3
176	noise
177	2
178	4
179	2
180	8
181	7
182	2
183	7
184	1
185	5
186	7
187	7
188	3
189	7
190	7
191	3
192	4
193	noise
194	1
195	2
196	2
197	9
198	7
199	7
200	7
201	2
202	4
203	7
204	4
205	2
206	8
207	8
208	noise
209	6
210	7
211	7
212	7
213	7
214	7
215	6
216	2
217	2
218	6
219	6
220	3
221	8
222	9
223	2
224	2
225	6
226	noise
227	9
228	8
229	2
230	6
231	7
232	8
233	2
234	8
235	8
236	6
237	6
238	7
239	4
240	9
241	1
242	9
243	9
244	noise
245	7
246	1
247	2
248	7
249	9
250	3
251	9
252	3
253	3
254	9
255	8
256	7
257	7
258	3
259	8
260	7
261	2
262	6
263	7
264	2
265	8
266	2
267	2
268	8
269	noise
270	1
271	9
272	7
273	4
274	9
275	noise
276	7
277	4
278	8
279	4
280	7
281	7
282	2
283	2
284	7
285	2
286	3
287	7
288	3
289	6
290	1
291	5
292	6
293	2
294	7
295	7
296	noise
297	2
298	2
299	4
300	noise
301	noise
302	8
303	7
304	2
305	6
306	noise
307	7
308	noise
309	4
310	4
311	7
312	7
313	8
314	4
315	9
316	7
317	7
318	7
319	8
320	2
321	5
322	2
323	2
324	7
325	2
326	2
327	2
328	2
329	noise
330	9
331	3
332	7
333	7
334	5
335	8
336	9
337	7
338	2
339	7
340	2
341	5
342	3
343	2
344	4
345	4
346	7
347	7
348	2
349	7
350	4
351	9
352	9
353	6
354	2
355	8
356	7
357	2
358	2
359	4
360	4
361	7
362	noise
363	7
364	7
365	8
366	8
367	8
368	noise
369	9
370	7
371	noise
372	8
373	7
374	4
375	8
376	6
377	4
378	1
379	noise
380	9
381	2
382	2
383	8
384	1
385	3
386	7
387	7
388	8
389	2
390	7
391	7
392	noise
393	8
394	8
395	8
396	5
397	3
398	7
399	7
400	7
401	noise
402	7
403	9
404	1
405	8
406	4
407	8
408	9
409	7
410	2
411	7
412	8
413	2
414	9
415	9
416	9
417	3
418	2
419	2
420	5
421	noise
422	9
423	7
424	7
425	4
426	5
427	2
428	8
429	9
430	2
431	7
432	6
433	4
434	7
435	8
436	2
437	3
438	7
439	7
440	9
441	3
442	2
443	2
444	7
445	4
446	9
447	7
448	noise
449	7
450	noise
451	9
452	2
453	8
454	7
455	2
456	noise
457	2
458	6
459	noise
460	7
461	6
462	7
463	7
464	noise
465	2
466	2
467	3
468	2
469	8
470	2
471	7
472	4
473	7
474	noise
475	8
476	1
477	2
478	7
479	2
480	2
481	9
482	8
483	1
484	2
485	7
486	2
487	5
488	1
489	8
490	7
491	2
492	3
493	7
494	8
495	9
496	2
497	7
498	7
499	7
500	5
501	8
502	9
503	4
504	9
505	4
506	7
507	noise
508	2
509	6
510	4
511	4
512	9
513	2
514	noise
515	9
516	2
517	1
518	7
519	7
520	4
521	2
522	7
523	noise
524	7
525	3
526	7
527	7
528	7
529	7
530	7
531	4
532	6
533	7
534	8
535	2
536	6
537	5
538	7
539	4
540	9
541	7
542	2
543	noise
544	7
545	9
546	4
547	5
548	noise
549	3
550	7
551	8
552	7
553	7
554	7
555	2
556	2
557	2
558	5
559	9
560	2
561	8
562	2
563	8
564	3
565	2
566	3
567	3
568	2
569	8
570	8
571	7
572	4
573	2
574	9
575	1
576	4
577	noise
578	7
579	7
580	3
581	7
582	2
583	7
584	4
585	2
586	7
587	7
588	7
589	noise
590	9
591	7
592	7
593	7
594	5
595	noise
596	7
597	2
598	7
599	3
600	8
601	2
602	4
603	9
604	2
605	2
606	7
607	5
608	2
609	noise
610	8
611	noise
612	7
613	noise
614	4
615	7
616	3
617	6
618	2
619	8
620	7
621	9
622	6
623	7
624	2
625	9
626	4
627	2
628	2
629	2
630	6
631	noise
632	2
633	1
634	7
635	7
636	7
637	4
638	7
639	7
640	9
641	7
642	2
643	7
644	8
645	7
646	8
647	7
648	6
649	noise
650	4
651	2
652	1
653	7
654	7
655	7
656	noise
657	2
658	2
659	7
660	2
661	7
662	8
663	2
664	4
665	3
666	9
667	4
668	7
669	9
670	3
671	3
672	1
673	8
674	2
675	7
676	2
677	7
678	7
679	7
680	4
681	2
682	7
683	7
684	2
685	6
686	7
687	7
688	2
689	4
690	8
691	2
692	2
693	6
694	noise
695	8
696	8
697	3
698	2
699	1
700	8
701	2
702	7
703	8
704	8
705	3
706	8
707	8
708	7
709	4
710	8
711	7
712	8
713	3
714	2
715	7
716	7
717	7
718	1
719	2
720	2
721	7
722	7
723	8
724	8
725	7
726	8
727	9
728	2
729	7
730	9
731	9
732	6
733	2
734	4
735	noise
736	2
737	2
738	6
739	7
740	7
741	4
742	4
743	8
744	3
745	noise
746	4
747	3
748	9
749	7
750	2
751	7
752	8
753	7
754	2
755	3
756	3
757	3
758	noise
759	8
760	8
761	4
762	5
763	8
764	3
765	4
766	7
767	3
768	9
769	2
770	2
771	7
772	7
773	9
774	2
775	7
776	2
777	noise
778	8
779	2
780	7
781	7
782	3
783	7
784	9
785	5
786	7
787	2
788	8
789	2
790	7
791	7
792	3
793	7
794	4
795	2
796	2
797	noise
798	noise
799	3
800	7
801	2
802	noise
803	2
804	8
805	8
806	7
807	2
808	7
809	6
810	7
811	9
812	8
813	noise
814	7
815	5
816	7
817	7
818	7
819	8
820	8
821	noise
822	4
823	4
824	2
825	7
826	8
827	7
828	2
829	4
830	2
831	noise
832	9
833	3
834	7
835	8
836	noise
837	1
838	2
839	8
840	7
841	7
842	9
843	noise
844	3
845	9
846	5
847	3
848	6
849	7
850	7
851	noise
852	7
853	7
854	3
855	7
856	2
857	5
858	7
859	9
860	5
861	2
862	7
863	2
864	8
865	7
866	7
867	8
868	noise
869	9
870	1
871	2
872	3
873	noise
874	7
875	1
876	6
877	noise
878	7
879	6
880	7
881	2
882	7
883	2
884	noise
885	9
886	5
887	4
888	2
889	7
890	7
891	7
892	7
893	noise
894	7
895	2
896	3
897	2
898	7
899	noise
900	1
901	2
902	4
903	4
904	7
905	2
906	7
907	2
908	5
909	8
910	9
911	7
912	4
913	2
914	7
915	2
916	2
917	9
918	1
919	2
920	9
921	2
922	6
923	7
924	2
925	2
926	7
927	2
928	2
929	2
930	7
931	7
932	8
933	7
934	7
935	2
936	2
937	4
938	4
939	8
940	7
941	8
942	7
943	2
944	9
945	9
946	7
947	9
948	3
949	7
950	8
951	4
952	2
953	9
954	4
955	2
956	7
957	5
958	3
959	noise
960	6
961	2
962	2
963	5
964	7
965	noise
966	7
967	2
968	7
969	3
970	7
971	5
972	7
973	2
974	noise
975	9
976	2
977	7
978	9
979	noise
980	7
981	6
982	noise
983	noise
984	7
985	9
986	9
987	9
988	8
989	3
990	6
991	3
992	7
993	4
994	7
995	8
996	9
997	9
998	9
999	4
1000	7
1001	3
1002	2
1003	2
1004	9
1005	2
1006	8
1007	7
1008	9
1009	4
1010	9
1011	9
1012	9
1013	7
1014	7
1015	2
1016	9
1017	7
1018	7
1019	noise
1020	6
1021	9
1022	3
1023	9
1024	noise
1025	8
1026	noise
1027	7
1028	7
1029	6
1030	2
1031	noise
1032	7
1033	7
1034	7
1035	noise
1036	7
1037	7
1038	2
1039	7
1040	noise
1041	2
1042	9
1043	8
1044	noise
1045	6
1046	7
1047	noise
1048	7
1049	7
1050	4
1051	2
1052	2
1053	2
1054	7
1055	2
1056	4
1057	2
1058	8
1059	2
1060	2
1061	9
1062	7
1063	2
1064	7
1065	9
1066	3
1067	5
1068	2
1069	2
1070	9
1071	9
1072	8
1073	6
1074	8
1075	6
1076	2
1077	9
1078	7
1079	7
1080	2
1081	7
1082	6
1083	noise
1084	noise
1085	2
1086	7
1087	2
1088	4
1089	3
1090	2
1091	1
1092	2
1093	7
1094	2
1095	7
1096	5
1097	7
1098	6
1099	9
1100	8
1101	7
1102	7
1103	2
1104	7
1105	2
1106	2
1107	2
1108	1
1109	2
1110	2
1111	8
1112	2
1113	7
1114	2
1115	7
1116	2
1117	8
1118	9
1119	7
1120	7
1121	2
1122	3
1123	2
1124	9
1125	7
1126	2
1127	2
1128	3
1129	8
1130	7
1131	7
1132	8
1133	2
1134	6
1135	7
1136	2
1137	noise
1138	2
1139	9
1140	9
1141	7
1142	2
1143	8
1144	7
1145	2
1146	7
1147	4
1148	9
1149	2
1150	7
1151	9
1152	2
1153	3
1154	6
1155	8
1156	4
1157	2
1158	9
1159	noise
1160	noise
1161	9
1162	7
1163	2
1164	2
1165	3
1166	3
1167	noise
1168	2
1169	7
1170	4
1171	7
1172	2
1173	7
1174	5
1175	2
1176	4
1177	2
1178	2
1179	7
1180	7
1181	9
1182	noise
1183	5
1184	2
1185	3
1186	4
1187	noise
1188	2
1189	7
1190	1
1191	7
1192	noise
1193	8
1194	9
1195	noise
1196	7
1197	9
1198	8
1199	2
1200	1
1201	noise
1202	8
1203	4
1204	4
1205	8
1206	8
1207	2
1208	7
1209	7
1210	7
1211	2
1212	2
1213	7
1214	7
1215	7
1216	5
1217	4
1218	2
1219	7
1220	3
1221	7
1222	7
1223	4
1224	7
1225	8
1226	7
1227	7
1228	9
1229	7
1230	2
1231	4
1232	7
1233	2
1234	3
1235	8
1236	8
1237	2
1238	2
1239	7
1240	7
1241	8
1242	3
1243	7
1244	2
1245	2
1246	7
1247	3
1248	7
1249	2
1250	noise
1251	4
1252	7
1253	6
1254	2
1255	7
1256	8
1257	7
1258	8
1259	2
1260	7
1261	5
1262	8
1263	8
1264	6
1265	5
1266	2
1267	2
1268	2
1269	1
1270	7
1271	7
1272	7
1273	6
1274	2
1275	8
1276	2
1277	2
1278	4
1279	8
1280	noise
1281	2
1282	9
1283	8
1284	2
1285	7
1286	9
1287	1
1288	9
1289	7
1290	5
1291	2
1292	2
1293	7
1294	7
1295	7
1296	7
1297	noise
1298	9
1299	2
1300	noise
1301	7
1302	7
1303	noise
1304	7
1305	3
1306	3
1307	4
1308	8
1309	7
1310	9
1311	5
1312	9
1313	2
1314	7
1315	7
1316	1
1317	8
1318	9
1319	2
1320	5
1321	8
1322	1
1323	9
1324	8
1325	6
1326	2
1327	2
1328	7
1329	2
1330	2
1331	5
1332	8
1333	noise
1334	2
1335	8
1336	7
1337	2
1338	noise
1339	noise
1340	2
1341	3
1342	7
1343	7
1344	8
1345	9
1346	noise
1347	3
1348	8
1349	9
1350	9
1351	7
1352	2
1353	9
1354	2
1355	7
1356	2
1357	9
1358	7
1359	6
1360	7
1361	7
1362	4
1363	9
1364	7
1365	2
1366	2
1367	7
1368	3
1369	noise
1370	noise
1371	9
1372	8
1373	2
1374	6
1375	3
1376	7
1377	2
1378	3
1379	8
1380	1
1381	6
1382	7
1383	noise
1384	2
1385	7
1386	8
1387	noise
1388	6
1389	9
1390	7
1391	noise
1392	5
1393	7
1394	7
1395	7
1396	7
1397	2
1398	7
1399	7
1400	2
1401	5
1402	9
1403	2
1404	6
1405	7
1406	2
1407	9
1408	2
1409	7
1410	8
1411	2
1412	7
1413	3
1414	2
1415	7
1416	6
1417	4
1418	2
1419	3
1420	3
1421	1
1422	7
1423	7
1424	6
1425	1
1426	noise
1427	2
1428	2
1429	6
1430	7
1431	2
1432	6
1433	6
1434	7
1435	7
1436	9
1437	8
1438	8
1439	9
1440	2
1441	7
1442	noise
1443	9
1444	9
1445	5
1446	9
1447	7
1448	7
1449	2
1450	4
1451	2
1452	2
1453	9
1454	5
1455	7
1456	7
1457	2
1458	2
1459	7
1460	noise
1461	4
1462	4
1463	7
1464	5
1465	9
1466	7
1467	7
1468	2
1469	8
1470	2
1471	9
1472	noise
1473	3
1474	7
1475	noise
1476	2
1477	7
1478	5
1479	5
1480	8
1481	7
1482	2
1483	3
1484	7
1485	7
1486	3
1487	4
1488	7
1489	7
1490	9
1491	8
1492	3
1493	noise
1494	8
1495	8
1496	8
1497	2
1498	7
1499	9
1500	2
1501	8
1502	2
1503	9
1504	2
1505	7
1506	7
1507	7
1508	noise
1509	7
1510	2
1511	4
1512	9
1513	4
1514	7
1515	7
1516	1
1517	6
1518	7
1519	7
1520	7
1521	8
1522	9
1523	8
1524	4
1525	9
1526	2
1527	2
1528	7
1529	9
1530	8
1531	4
1532	8
1533	4
1534	2
1535	7
1536	noise
1537	noise
1538	7
1539	8
1540	2
1541	7
1542	9
1543	8
1544	7
1545	7
1546	7
1547	7
1548	7
1549	7
1550	3
1551	2
1552	9
1553	2
1554	7
1555	7
1556	4
1557	1
1558	7
1559	2
1560	2
1561	8
1562	noise
1563	8
1564	noise
1565	3
1566	6
1567	7
1568	3
1569	9
1570	7
1571	8
1572	7
1573	9
1574	7
1575	2
1576	2
1577	7
1578	7
1579	7
1580	7
1581	4
1582	7
1583	2
1584	2
1585	4
1586	7
1587	8
1588	2
1589	4
1590	9
1591	noise
1592	noise
1593	3
1594	1
1595	2
1596	7
1597	2
1598	7
1599	4
1600	noise
1601	2
1602	noise
1603	noise
1604	7
1605	2
1606	7
1607	4
1608	7
1609	2
1610	2
1611	1
1612	8
1613	9
1614	9
1615	6
1616	4
1617	7
1618	6
1619	1
1620	2
1621	7
1622	8
1623	2
1624	7
1625	7
1626	7
1627	4
1628	7
1629	7
1630	9
1631	5
1632	2
1633	7
1634	2
1635	2
1636	6
1637	9
1638	noise
1639	8
1640	2
1641	7
1642	3
1643	1
1644	2
1645	8
1646	noise
1647	3
1648	8
1649	2
1650	7
1651	2
1652	2
1653	2
1654	7
1655	7
1656	2
1657	3
1658	7
1659	9
1660	7
1661	7
1662	7
1663	2
1664	5
1665	6
1666	2
1667	2
1668	8
1669	7
1670	4
1671	9
1672	9
1673	8
1674	9
1675	2
1676	7
1677	7
1678	7
1679	4
1680	8
1681	7
1682	5
1683	2
1684	4
1685	7
1686	2
1687	7
1688	7
1689	9
1690	4
1691	3
1692	7
1693	8
1694	9
1695	7
1696	2
1697	8
1698	7
1699	3
1700	2
1701	7
1702	7
1703	6
1704	7
1705	3
1706	4
1707	8
1708	3
1709	2
1710	7
1711	2
1712	9
1713	9
1714	7
1715	2
1716	6
1717	8
1718	3
1719	8
1720	7
1721	9
1722	6
1723	2
1724	9
1725	9
1726	4
1727	noise
1728	7
1729	9
1730	7
1731	5
1732	2
1733	3
1734	1
1735	2
1736	2
1737	1
1738	9
1739	4
1740	2
1741	1
1742	5
1743	9
1744	noise
1745	8
1746	7
1747	4
1748	7
1749	4
1750	9
1751	1
1752	8
1753	9
1754	5
1755	1
1756	7
1757	3
1758	2
1759	8
1760	2
1761	7
1762	7
1763	1
1764	9
1765	2
1766	noise
1767	7
1768	3
1769	7
1770	2
1771	7
1772	noise
1773	2
1774	7
1775	2
1776	8
1777	7
1778	8
1779	4
1780	8
1781	5
1782	4
1783	noise
1784	2
1785	7
1786	7
1787	2
1788	2
1789	4
1790	9
1791	4
1792	1
1793	2
1794	7
1795	9
1796	noise
1797	7
1798	2
1799	3
1800	5
1801	2
1802	7
1803	2
1804	7
1805	4
1806	2
1807	6
1808	2
1809	7
1810	8
1811	7
1812	6
1813	9
1814	3
1815	8
1816	7
1817	8
1818	9
1819	1
1820	2
1821	2
1822	9
1823	7
1824	9
1825	noise
1826	2
1827	2
1828	8
1829	2
1830	6
1831	2
1832	4
1833	2
1834	5
1835	3
1836	2
1837	4
1838	9
1839	8
1840	2
1841	4
1842	noise
1843	noise
1844	5
1845	5
1846	7
1847	2
1848	4
1849	9
1850	1
1851	7
1852	2
1853	9
1854	1
1855	2
1856	2
1857	5
1858	9
1859	2
1860	7
1861	3
1862	9
1863	7
1864	3
1865	2
1866	2
1867	noise
1868	7
1869	7
1870	3
1871	2
1872	7
1873	noise
1874	2
1875	2
1876	4
1877	2
1878	4
1879	7
1880	9
1881	7
1882	8
1883	8
1884	7
1885	7
1886	1
1887	9
1888	2
1889	3
1890	7
1891	2
1892	2
1893	noise
1894	noise
1895	4
1896	2
1897	7
1898	8
1899	7
1900	6
1901	2
1902	9
1903	4
1904	2
1905	noise
1906	2
1907	7
1908	8
1909	6
1910	3
1911	9
1912	noise
1913	5
1914	noise
1915	7
1916	4
1917	8
1918	7
1919	7
1920	noise
1921	3
1922	2
1923	4
1924	3
1925	2
1926	5
1927	4
1928	2
1929	2
1930	7
1931	4
1932	2
1933	4
1934	8
1935	7
1936	7
1937	noise
1938	7
1939	4
1940	7
1941	2
1942	noise
1943	2
1944	8
1945	8
1946	noise
1947	noise
1948	2
1949	2
1950	9
1951	1
1952	7
1953	2
1954	7
1955	3
1956	9
1957	9
1958	noise
1959	8
1960	2
1961	9
1962	2
1963	3
1964	7
1965	7
1966	5
1967	noise
1968	2
1969	noise
1970	noise
1971	3
1972	2
1973	7
1974	2
1975	2
1976	6
1977	2
1978	2
1979	2
1980	2
1981	noise
1982	8
1983	noise
1984	noise
1985	noise
1986	noise
1987	8
1988	3
1989	9
1990	9
1991	noise
1992	noise
1993	noise
1994	3
1995	8
1996	4
1997	2
1998	7
1999	8
2000	noise
2001	5
2002	2
2003	2
2004	6
2005	7
2006	4
2007	6
2008	9
2009	6
2010	9
2011	7
2012	2
2013	2
2014	3
2015	8
2016	5
2017	3
2018	2
2019	noise
2020	2
2021	2
2022	3
2023	8
2024	3
2025	7
2026	7
2027	2
2028	8
2029	8
2030	3
2031	noise
2032	7
2033	noise
2034	7
2035	noise
2036	2
2037	4
2038	noise
2039	7
2040	7
2041	8
2042	2
2043	7
2044	8
2045	2
2046	8
2047	noise
2048	3
2049	7
2050	7
2051	7
2052	8
2053	8
2054	4
2055	3
2056	9
2057	9
2058	7
2059	5
2060	7
2061	noise
2062	9
2063	7
2064	4
2065	7
2066	7
2067	4
2068	2
2069	1
2070	9
2071	7
2072	3
2073	5
2074	2
2075	7
2076	noise
2077	8
2078	7
2079	2
2080	7
2081	5
2082	9
2083	1
2084	2
2085	7
2086	4
2087	7
2088	4
2089	2
2090	7
2091	8
2092	7
2093	7
2094	2
2095	4
2096	7
2097	7
2098	2
2099	2
2100	8
2101	3
2102	noise
2103	7
2104	4
2105	8
2106	2
2107	8
2108	8
2109	7
2110	2
2111	5
2112	7
2113	8
2114	7
2115	7
2116	noise
2117	4
2118	7
2119	7
2120	noise
2121	7
2122	7
2123	7
2124	7
2125	7
2126	2
2127	noise
2128	7
2129	2
2130	3
2131	7
2132	9
2133	6
2134	9
2135	5
2136	6
2137	8
2138	2
2139	3
2140	2
2141	6
2142	2
2143	6
2144	6
2145	4
2146	2
2147	8
2148	2
2149	9
2150	7
2151	7
2152	2
2153	2
2154	2
2155	8
2156	9
2157	7
2158	2
2159	9
2160	8
2161	9
2162	7
2163	6
2164	7
2165	3
2166	7
2167	7
2168	8
2169	7
2170	4
2171	4
2172	6
2173	9
2174	2
2175	3
2176	2
2177	6
2178	noise
2179	7
2180	7
2181	1
2182	noise
2183	8
2184	2
2185	7
2186	9
2187	7
2188	2
2189	5
2190	9
2191	2
2192	8
2193	2
2194	6
2195	noise
2196	9
2197	8
2198	2
2199	4
2200	2
2201	2
2202	noise
2203	9
2204	7
2205	7
2206	2
2207	9
2208	7
2209	8
2210	7
2211	2
2212	3
2213	2
2214	6
2215	5
2216	9
2217	9
2218	2
2219	7
2220	noise
2221	7
2222	2
2223	noise
2224	7
2225	9
2226	7
2227	2
2228	4
2229	2
2230	7
2231	9
2232	8
2233	9
2234	7
2235	3
2236	7
2237	7
2238	2
2239	4
2240	7
2241	2
2242	9
2243	7
2244	5
2245	2
2246	2
2247	7
2248	1
2249	8
2250	1
2251	2
2252	7
2253	2
2254	1
2255	2
2256	3
2257	noise
2258	9
2259	7
2260	9
2261	3
2262	7
2263	8
2264	2
2265	7
2266	4
2267	9
2268	2
2269	7
2270	7
2271	5
2272	9
2273	7
2274	2
2275	3
2276	6
2277	7
2278	2
2279	noise
2280	4
2281	2
2282	8
2283	2
2284	2
2285	7
2286	7
2287	3
2288	noise
2289	7
2290	2
2291	noise
2292	8
2293	7
2294	2
2295	7
2296	8
2297	8
2298	7
2299	2
2300	2
2301	7
2302	7
2303	2
2304	7
2305	4
2306	4
2307	2
2308	7
2309	7
2310	3
2311	7
2312	noise
2313	8
2314	4
2315	7
2316	6
2317	1
2318	7
2319	8
2320	3
2321	2
2322	7
2323	8
2324	8
2325	7
2326	7
2327	3
2328	7
2329	7
2330	3
2331	2
2332	2
2333	9
2334	3
2335	noise
2336	5
2337	1
2338	7
2339	7
2340	7
2341	4
2342	7
2343	2
2344	2
2345	7
2346	noise
2347	7
2348	9
2349	8
2350	3
2351	6
2352	2
2353	4
2354	2
2355	noise
2356	7
2357	6
2358	9
2359	7
2360	7
2361	7
2362	9
2363	7
2364	4
2365	7
2366	7
2367	7
2368	7
2369	7
2370	2
2371	7
2372	9
2373	7
2374	7
2375	8
2376	9
2377	4
2378	9
2379	7
2380	4
2381	2
2382	2
2383	7
2384	6
2385	noise
2386	7
2387	7
2388	noise
2389	5
2390	8
2391	7
2392	7
2393	3
2394	3
2395	2
2396	9
2397	8
2398	7
2399	9
2400	2
2401	1
2402	2
2403	9
2404	7
2405	3
2406	4
2407	4
2408	4
2409	2
2410	4
2411	noise
2412	6
2413	7
2414	noise
2415	9
2416	2
2417	7
2418	7
2419	2
2420	7
2421	7
2422	8
2423	3
2424	6
2425	9
2426	7
2427	7
2428	8
2429	1
2430	3
2431	3
2432	5
2433	noise
2434	2
2435	2
2436	2
2437	7
2438	7
2439	2
2440	9
2441	7
2442	noise
2443	4
2444	7
2445	9
2446	9
2447	7
2448	7
2449	2
2450	2
2451	2
2452	5
2453	5
2454	7
2455	9
2456	4
2457	7
2458	8
2459	5
2460	noise
2461	2
2462	9
2463	6
2464	noise
2465	9
2466	9
2467	4
2468	3
2469	5
2470	2
2471	5
2472	4
2473	3
2474	4
2475	9
2476	2
2477	3
2478	8
2479	noise
2480	7
2481	3
2482	7
2483	9
2484	7
2485	3
2486	9
2487	9
2488	4
2489	noise
2490	2
2491	2
2492	noise
2493	8
2494	8
2495	2
2496	noise
2497	4
2498	8
2499	6
2500	2
2501	6
2502	7
2503	7
2504	3
2505	1
2506	noise
2507	8
2508	3
2509	7
2510	4
2511	2
2512	2
2513	7
2514	7
2515	9
2516	7
2517	2
2518	8
2519	9
2520	7
2521	3
2522	9
2523	7
2524	3
2525	1
2526	8
2527	4
2528	2
2529	7
2530	7
2531	9
2532	7
2533	7
2534	7
2535	8
2536	noise
2537	7
2538	7
2539	3
2540	1
2541	noise
2542	3
2543	2
2544	1
2545	2
2546	7
2547	7
2548	5
2549	8
2550	7
2551	2
2552	9
2553	2
2554	1
2555	3
2556	9
2557	7
2558	7
2559	3
2560	2
2561	2
2562	9
2563	2
2564	3
2565	8
2566	7
2567	7
2568	7
2569	1
2570	2
2571	noise
2572	9
2573	8
2574	2
2575	2
2576	noise
2577	2
2578	8
2579	2
2580	4
2581	7
2582	2
2583	7
2584	7
2585	7
2586	noise
2587	7
2588	2
2589	3
2590	7
2591	7
2592	3
2593	8
2594	8
2595	8
2596	5
2597	7
2598	8
2599	9
2600	4
2601	noise
2602	4
2603	9
2604	4
2605	6
2606	noise
2607	noise
2608	2
2609	7
2610	noise
2611	4
2612	2
2613	7
2614	4
2615	6
2616	7
2617	7
2618	3
2619	7
2620	7
2621	7
2622	7
2623	2
2624	noise
2625	noise
2626	9
2627	8
2628	2
2629	2
2630	7
2631	7
2632	9
2633	5
2634	noise
2635	2
2636	noise
2637	noise
2638	3
2639	7
2640	2
2641	9
2642	noise
2643	2
2644	2
2645	7
2646	3
2647	9
2648	1
2649	7
2650	7
2651	2
2652	2
2653	noise
2654	3
2655	9
2656	8
2657	7
2658	3
2659	2
2660	4
2661	4
2662	2
2663	7
2664	3
2665	2
2666	6
2667	noise
2668	2
2669	4
2670	4
2671	2
2672	2
2673	2
2674	8
2675	noise
2676	7
2677	8
2678	7
2679	2
2680	7
2681	8
2682	7
2683	2
2684	noise
2685	7
2686	7
2687	2
2688	9
2689	8
2690	4
2691	4
2692	7
2693	7
2694	2
2695	2
2696	5
2697	9
2698	2
2699	2
2700	2
2701	2
2702	1
2703	8
2704	4
2705	7
2706	4
2707	2
2708	7
2709	2
2710	2
2711	8
2712	8
2713	7
2714	4
2715	7
2716	5
2717	2
2718	9
2719	2
2720	8
2721	7
2722	3
2723	7
2724	2
2725	4
2726	4
2727	2
2728	7
2729	5
2730	7
2731	7
2732	7
2733	8
2734	6
2735	9
2736	7
2737	4
2738	9
2739	7
2740	9
2741	7
2742	2
2743	9
2744	3
2745	8
2746	7
2747	3
2748	4
2749	2
2750	1
2751	8
2752	9
2753	2
2754	7
2755	8
2756	6
2757	2
2758	3
2759	8
2760	9
2761	8
2762	7
2763	7
2764	2
2765	2
2766	3
2767	noise
2768	2
2769	8
2770	7
2771	9
2772	7
2773	8
2774	7
2775	2
2776	2
2777	4
2778	7
2779	7
2780	4
2781	3
2782	noise
2783	7
2784	7
2785	2
2786	8
2787	2
2788	7
2789	noise
2790	noise
2791	noise
2792	7
2793	7
2794	7
2795	2
2796	7
2797	9
2798	7
2799	7
2800	noise
2801	3
2802	7
2803	noise
2804	9
2805	2
2806	8
2807	2
2808	8
2809	7
2810	8
2811	noise
2812	4
2813	5
2814	7
2815	8
2816	8
2817	3
2818	7
2819	7
2820	9
2821	2
2822	7
2823	7
2824	9
2825	7
2826	2
2827	1
2828	8
2829	6
2830	2
2831	8
2832	7
2833	7
2834	7
2835	7
2836	9
2837	2
2838	4
2839	7
2840	9
2841	5
2842	7
2843	2
2844	9
2845	2
2846	2
2847	9
2848	7
2849	9
2850	7
2851	2
2852	3
2853	7
2854	3
2855	7
2856	7
2857	7
2858	4
2859	8
2860	2
2861	5
2862	2
2863	3
2864	noise
2865	2
2866	8
2867	1
2868	7
2869	noise
2870	7
2871	7
2872	9
2873	9
2874	3
2875	noise
2876	2
2877	noise
2878	7
2879	noise
2880	9
2881	9
2882	noise
2883	7
2884	3
2885	1
2886	7
2887	8
2888	5
2889	2
2890	7
2891	3
2892	2
2893	2
2894	2
2895	2
2896	1
2897	7
2898	9
2899	8
2900	7
2901	5
2902	2
2903	noise
2904	7
2905	8
2906	6
2907	5
2908	2
2909	7
2910	7
2911	4
2912	9
2913	7
2914	2
2915	4
2916	7
2917	4
2918	2
2919	7
2920	8
2921	2
2922	7
2923	noise
2924	7
2925	2
2926	4
2927	8
2928	8
2929	7
2930	5
2931	4
2932	7
2933	2
2934	9
2935	7
2936	8
2937	4
2938	noise
2939	8
2940	6
2941	noise
2942	2
2943	3
2944	7
2945	7
2946	2
2947	2
2948	9
2949	2
2950	2
2951	noise
2952	7
2953	noise
2954	4
2955	9
2956	3
2957	2
2958	9
2959	2
2960	2
2961	7
2962	7
2963	7
2964	7
2965	9
2966	2
2967	7
2968	9
2969	6
2970	6
2971	3
2972	6
2973	3
2974	9
2975	7
2976	7
2977	7
2978	2
2979	2
2980	1
2981	7
2982	9
2983	7
2984	3
2985	7
2986	6
2987	7
2988	7
2989	7
2990	8
2991	7
2992	2
2993	8
2994	8
2995	3
2996	3
2997	4
2998	3
2999	2
3000	6
3001	2
3002	8
3003	2
3004	8
3005	9
3006	7
3007	7
3008	9
3009	noise
3010	4
3011	7
3012	7
3013	9
3014	8
3015	6
3016	8
3017	2
3018	2
3019	noise
3020	7
3021	6
3022	4
3023	8
3024	7
3025	7
3026	2
3027	9
3028	9
3029	3
3030	9
3031	2
3032	8
3033	7
3034	2
3035	9
3036	2
3037	9
3038	7
3039	2
3040	2
3041	8
3042	6
3043	noise
3044	7
3045	4
3046	4
3047	2
3048	4
3049	2
3050	1
3051	9
3052	2
3053	2
3054	9
3055	7
3056	noise
3057	6
3058	2
3059	2
3060	4
3061	7
3062	7
3063	8
3064	7
3065	noise
3066	2
3067	9
3068	2
3069	8
3070	9
3071	2
3072	3
3073	7
3074	2
3075	8
3076	2
3077	3
3078	2
3079	7
3080	7
3081	7
3082	4
3083	2
3084	1
3085	4
3086	7
3087	9
3088	2
3089	8
3090	7
3091	7
3092	7
3093	7
3094	noise
3095	9
3096	2
3097	2
3098	noise
3099	8
3100	noise
3101	noise
3102	7
3103	3
3104	7
3105	2
3106	7
3107	2
3108	noise
3109	3
3110	2
3111	7
3112	8
3113	2
3114	8
3115	noise
3116	7
3117	2
3118	7
3119	2
3120	2
3121	8
3122	7
3123	9
3124	2
3125	7
3126	9
3127	2
3128	7
3129	2
3130	2
3131	9
3132	2
3133	3
3134	9
3135	9
3136	7
3137	1
3138	7
3139	3
3140	9
3141	7
3142	1
3143	7
3144	2
3145	7
3146	4
3147	6
3148	9
3149	3
3150	8
3151	4
3152	5
3153	8
3154	7
3155	4
3156	8
3157	4
3158	1
3159	noise
3160	7
3161	4
3162	7
3163	1
3164	9
3165	2
3166	2
3167	9
3168	2
3169	2
3170	7
3171	noise
3172	2
3173	2
3174	7
3175	9
3176	2
3177	2
3178	8
3179	7
3180	2
3181	9
3182	3
3183	2
3184	8
3185	2
3186	2
3187	7
3188	7
3189	2
3190	2
3191	2
3192	3
3193	1
3194	9
3195	2
3196	4
3197	9
3198	7
3199	noise
3200	7
3201	7
3202	noise
3203	9
3204	3
3205	7
3206	9
3207	9
3208	noise
3209	9
3210	4
3211	4
3212	7
3213	noise
3214	noise
3215	noise
3216	7
3217	8
3218	4
3219	9
3220	2
3221	7
3222	6
3223	9
3224	noise
3225	5
3226	2
3227	9
3228	9
3229	2
3230	9
3231	3
3232	8
3233	2
3234	noise
3235	9
3236	7
3237	7
3238	8
3239	7
3240	8
3241	7
3242	3
3243	2
3244	8
3245	4
3246	7
3247	4
3248	5
3249	2
3250	2
3251	6
3252	4
3253	6
3254	9
3255	8
3256	2
3257	9
3258	6
3259	2
3260	8
3261	4
3262	7
3263	5
3264	7
3265	4
3266	6
3267	4
3268	8
3269	3
3270	7
3271	8
3272	7
3273	7
3274	7
3275	2
3276	2
3277	7
3278	9
3279	3
3280	3
3281	8
3282	9
3283	8
3284	2
3285	4
3286	7
3287	2
3288	noise
3289	9
3290	9
3291	8
3292	8
3293	2
3294	2
3295	2
3296	6
3297	7
3298	9
3299	2
3300	4
3301	9
3302	2
3303	2
3304	2
3305	1
3306	4
3307	3
3308	7
3309	7
3310	2
3311	8
3312	4
3313	7
3314	6
3315	6
3316	9
3317	7
3318	1
3319	7
3320	9
3321	7
3322	7
3323	8
3324	9
3325	9
3326	1
3327	1
3328	7
3329	2
3330	7
3331	9
3332	8
3333	2
3334	8
3335	noise
3336	8
3337	noise
3338	7
3339	7
3340	7
3341	7
3342	7
3343	7
3344	6
3345	noise
3346	2
3347	5
3348	noise
3349	7
3350	7
3351	1
3352	2
3353	2
3354	noise
3355	7
3356	7
3357	9
3358	2
3359	4
3360	2
3361	3
3362	1
3363	7
3364	7
3365	4
3366	7
3367	8
3368	2
3369	1
3370	8
3371	7
3372	7
3373	7
3374	4
3375	7
3376	4
3377	2
3378	2
3379	7
3380	1
3381	9
3382	8
3383	3
3384	8
3385	8
3386	noise
3387	7
3388	8
3389	2
3390	1
3391	4
3392	1
3393	8
3394	2
3395	7
3396	7
3397	8
3398	3
3399	7
3400	2
3401	noise
3402	7
3403	4
3404	3
3405	3
3406	2
3407	8
3408	7
3409	8
3410	7
3411	3
3412	2
3413	7
3414	3
3415	2
3416	8
3417	4
3418	6
3419	3
3420	7
3421	4
3422	3
3423	7
3424	1
3425	4
3426	2
3427	5
3428	2
3429	5
3430	8
3431	1
3432	noise
3433	8
3434	2
3435	9
3436	noise
3437	8
3438	7
3439	4
3440	2
3441	2
3442	8
3443	6
3444	2
3445	7
3446	2
3447	7
3448	8
3449	7
3450	8
3451	7
3452	2
3453	2
3454	3
3455	6
3456	2
3457	2
3458	7
3459	5
3460	5
3461	8
3462	9
3463	7
3464	7
3465	1
3466	2
3467	noise
3468	7
3469	9
3470	8
3471	6
3472	7
3473	7
3474	2
3475	8
3476	noise
3477	7
3478	4
3479	2
3480	2
3481	7
3482	2
3483	2
3484	8
3485	9
3486	3
3487	7
3488	4
3489	2
3490	3
3491	7
3492	8
3493	2
3494	2
3495	4
3496	2
3497	8
3498	9
3499	8
3500	7
3501	7
3502	8
3503	2
3504	2
3505	7
3506	7
3507	4
3508	7
3509	7
3510	7
3511	1
3512	2
3513	2
3514	4
3515	8
3516	7
3517	9
3518	7
3519	7
3520	9
3521	4
3522	2
3523	7
3524	7
3525	2
3526	7
3527	4
3528	4
3529	8
3530	7
3531	7
3532	7
3533	9
3534	7
3535	7
3536	2
3537	7
3538	7
3539	7
3540	2
3541	2
3542	4
3543	3
3544	1
3545	7
3546	3
3547	7
3548	3
3549	9
3550	2
3551	7
3552	1
3553	7
3554	2
3555	7
3556	9
3557	2
3558	4
3559	7
3560	5
3561	2
3562	7
3563	8
3564	2
3565	7
3566	9
3567	9
3568	9
3569	8
3570	2
3571	2
3572	5
3573	2
3574	3
3575	7
3576	7
3577	7
3578	8
3579	2
3580	noise
3581	2
3582	7
3583	noise
3584	8
3585	7
3586	2
3587	3
3588	7
3589	8
3590	noise
3591	1
3592	2
3593	noise
3594	9
3595	noise
3596	2
3597	2
3598	2
3599	1
3600	7
3601	noise
3602	9
3603	6
3604	7
3605	9
3606	2
3607	4
3608	3
3609	7
3610	2
3611	8
3612	4
3613	noise
3614	5
3615	8
3616	2
3617	7
3618	noise
3619	3
3620	7
3621	noise
3622	8
3623	4
3624	2
3625	4
3626	7
3627	7
3628	noise
3629	2
3630	9
3631	2
3632	4
3633	2
3634	4
3635	7
3636	2
3637	2
3638	5
3639	5
3640	8
3641	9
3642	3
3643	2
3644	7
3645	7
3646	2
3647	8
3648	2
3649	4
3650	2
3651	4
3652	9
3653	6
3654	2
3655	7
3656	noise
3657	3
3658	2
3659	7
3660	2
3661	6
3662	2
3663	2
3664	9
3665	noise
3666	7
3667	1
3668	9
3669	2
3670	3
3671	2
3672	6
3673	noise
3674	8
3675	2
3676	noise
3677	2
3678	noise
3679	7
3680	7
3681	9
3682	8
3683	2
3684	noise
3685	9
3686	8
3687	7
3688	2
3689	3
3690	8
3691	noise
3692	8
3693	2
3694	4
3695	7
3696	noise
3697	4
3698	2
3699	7
3700	8
3701	7
3702	2
3703	7
3704	5
3705	3
3706	9
3707	8
3708	7
3709	2
3710	2
3711	7
3712	9
3713	2
3714	4
3715	2
3716	2
3717	8
3718	7
3719	3
3720	7
3721	2
3722	2
3723	5
3724	2
3725	3
3726	2
3727	noise
3728	4
3729	noise
3730	3
3731	2
3732	2
3733	6
3734	7
3735	7
3736	2
3737	9
3738	5
3739	3
3740	2
3741	7
3742	4
3743	noise
3744	7
3745	3
3746	7
3747	7
3748	7
3749	9
3750	2
3751	3
3752	2
3753	2
3754	2
3755	7
3756	2
3757	2
3758	7
3759	noise
3760	2
3761	noise
3762	8
3763	8
3764	6
3765	7
3766	3
3767	noise
3768	7
3769	noise
3770	7
3771	3
3772	noise
3773	2
3774	9
3775	2
3776	7
3777	noise
3778	2
3779	2
3780	7
3781	8
3782	8
3783	2
3784	2
3785	2
3786	2
3787	2
3788	8
3789	2
3790	3
3791	2
3792	1
3793	7
3794	7
3795	3
3796	7
3797	2
3798	6
3799	4
3800	noise
3801	3
3802	noise
3803	7
3804	9
3805	7
3806	6
3807	noise
3808	7
3809	6
3810	6
3811	8
3812	1
3813	2
3814	2
3815	noise
3816	8
3817	2
3818	4
3819	7
3820	8
3821	7
3822	noise
3823	4
3824	7
3825	noise
3826	1
3827	9
3828	7
3829	9
3830	8
3831	7
3832	7
3833	9
3834	4
3835	1
3836	7
3837	3
3838	3
3839	6
3840	2
3841	7
3842	4
3843	2
3844	9
3845	8
3846	2
3847	noise
3848	9
3849	noise
3850	8
3851	9
3852	7
3853	6
3854	2
3855	7
3856	2
3857	5
3858	2
3859	7
3860	5
3861	7
3862	2
3863	7
3864	7
3865	2
3866	9
3867	7
3868	2
3869	7
3870	7
3871	2
3872	1
3873	6
3874	7
3875	2
3876	7
3877	8
3878	9
3879	7
3880	5
3881	2
3882	2
3883	7
3884	2
3885	2
3886	8
3887	noise
3888	7
3889	2
3890	7
3891	9
3892	8
3893	1
3894	8
3895	2
3896	9
3897	7
3898	2
3899	7
3900	2
3901	4
3902	7
3903	7
3904	3
3905	7
3906	7
3907	2
3908	noise
3909	4
3910	noise
3911	8
3912	9
3913	9
3914	1
3915	4
3916	2
3917	7
3918	2
3919	9
3920	7
3921	4
3922	1
3923	2
3924	7
3925	7
3926	5
3927	2
3928	2
3929	7
3930	2
3931	7
3932	6
3933	9
3934	7
3935	noise
3936	4
3937	3
3938	2
3939	noise
3940	2
3941	3
3942	2
3943	9
3944	noise
3945	8
3946	7
3947	8
3948	7
3949	2
3950	2
3951	7
3952	noise
3953	5
3954	7
3955	2
3956	7
3957	7
3958	9
3959	2
3960	7
3961	noise
3962	7
3963	7
3964	2
3965	7
3966	2
3967	7
3968	2
3969	7
3970	2
3971	7
3972	3
3973	2
3974	5
3975	5
3976	7
3977	noise
3978	2
3979	2
3980	4
3981	2
3982	7
3983	noise
3984	noise
3985	9
3986	2
3987	7
3988	7
3989	9
3990	2
3991	9
3992	2
3993	2
3994	2
3995	8
3996	3
3997	8
3998	2
3999	7
4000	4
4001	9
4002	2
4003	1
4004	7
4005	7
4006	2
4007	7
4008	noise
4009	7
4010	8
4011	noise
4012	4
4013	7
4014	2
4015	7
4016	6
4017	2
4018	2
4019	2
4020	4
4021	2
4022	1
4023	2
4024	9
4025	3
4026	2
4027	5
4028	7
4029	2
4030	9
4031	2
4032	noise
4033	2
4034	7
4035	7
4036	7
4037	2
4038	7
4039	4
4040	2
4041	7
4042	7
4043	3
4044	7
4045	7
4046	7
4047	9
4048	2
4049	2
4050	2
4051	4
4052	7
4053	8
4054	7
4055	2
4056	7
4057	8
4058	8
4059	2
4060	7
4061	7
4062	7
4063	7
4064	1
4065	8
4066	noise
4067	noise
4068	6
4069	7
4070	4
4071	7
4072	noise
4073	4
4074	9
4075	7
4076	noise
4077	noise
4078	5
4079	4
4080	7
4081	2
4082	2
4083	9
4084	7
4085	7
4086	4
4087	7
4088	7
4089	4
4090	2
4091	7
4092	7
4093	3
4094	8
4095	3
4096	7
4097	9
4098	noise
4099	2
4100	7
4101	2
4102	7
4103	7
4104	2
4105	4
4106	9
4107	4
4108	2
4109	4
4110	7
4111	9
4112	2
4113	7
4114	7
4115	2
4116	4
4117	9
4118	2
4119	2
4120	2
4121	3
4122	1
4123	8
4124	9
4125	2
4126	3
4127	2
4128	2
4129	noise
4130	2
4131	9
4132	7
4133	7
4134	7
4135	9
4136	9
4137	7
4138	5
4139	7
4140	3
4141	3
4142	3
4143	9
4144	7
4145	6
4146	2
4147	9
4148	2
4149	9
4150	2
4151	7
4152	4
4153	9
4154	6
4155	7
4156	7
4157	6
4158	9
4159	7
4160	7
4161	7
4162	2
4163	9
4164	2
4165	2
4166	7
4167	2
4168	2
4169	7
4170	7
4171	8
4172	7
4173	5
4174	7
4175	2
4176	7
4177	8
4178	8
4179	9
4180	2
4181	8
4182	5
4183	7
4184	9
4185	3
4186	2
4187	5
4188	2
4189	2
4190	7
4191	2
4192	4
4193	4
4194	9
4195	8
4196	3
4197	noise
4198	2
4199	7
4200	8
4201	9
4202	2
4203	9
4204	7
4205	7
4206	1
4207	7
4208	9
4209	noise
4210	2
4211	7
4212	2
4213	7
4214	1
4215	4
4216	3
4217	7
4218	2
4219	7
4220	8
4221	7
4222	2
4223	7
4224	noise
4225	8
4226	2
4227	2
4228	6
4229	5
4230	noise
4231	2
4232	3
4233	7
4234	7
4235	2
4236	7
4237	8
4238	2
4239	7
4240	2
4241	9
4242	9
4243	5
4244	noise
4245	9
4246	5
4247	8
4248	9
4249	1
4250	8
4251	noise
4252	7
4253	noise
4254	1
4255	9
4256	2
4257	noise
4258	2
4259	9
4260	7
4261	7
4262	7
4263	2
4264	2
4265	7
4266	2
4267	7
4268	8
4269	5
4270	7
4271	2
4272	7
4273	2
4274	noise
4275	2
4276	8
4277	noise
4278	4
4279	7
4280	7
4281	noise
4282	7
4283	3
4284	9
4285	7
4286	9
4287	2
4288	2
4289	7
4290	9
4291	9
4292	7
4293	7
4294	3
4295	3
4296	noise
4297	9
4298	9
4299	8
4300	8
4301	5
4302	9
4303	1
4304	7
4305	3
4306	2
4307	2
4308	9
4309	7
4310	7
4311	7
4312	9
4313	9
4314	8
4315	7
4316	7
4317	3
4318	3
4319	2
4320	2
4321	4
4322	9
4323	2
4324	7
4325	9
4326	2
4327	4
4328	noise
4329	7
4330	3
4331	noise
4332	5
4333	7
4334	7
4335	8
4336	8
4337	7
4338	1
4339	noise
4340	2
4341	2
4342	noise
4343	9
4344	7
4345	3
4346	7
4347	7
4348	2
4349	8
4350	noise
4351	7
4352	9
4353	7
4354	7
4355	noise
4356	noise
4357	2
4358	9
4359	5
4360	8
4361	7
4362	3
4363	9
4364	7
4365	2
4366	7
4367	noise
4368	4
4369	9
4370	7
4371	2
4372	7
4373	9
4374	noise
4375	9
4376	3
4377	6
4378	1
4379	noise
4380	7
4381	7
4382	2
4383	2
4384	5
4385	2
4386	7
4387	7
4388	7
4389	7
4390	noise
4391	7
4392	noise
4393	6
4394	9
4395	2
4396	6
4397	7
4398	7
4399	9
4400	9
4401	7
4402	9
4403	2
4404	7
4405	7
4406	9
4407	7
4408	4
4409	2
4410	noise
4411	2
4412	8
4413	7
4414	4
4415	noise
4416	8
4417	1
4418	7
4419	7
4420	7
4421	8
4422	2
4423	7
4424	9
4425	7
4426	8
4427	9
4428	1
4429	3
4430	2
4431	9
4432	6
4433	5
4434	7
4435	7
4436	1
4437	noise
4438	8
4439	8
4440	8
4441	noise
4442	9
4443	7
4444	9
4445	7
4446	7
4447	2
4448	4
4449	7
4450	noise
4451	9
4452	2
4453	2
4454	8
4455	7
4456	7
4457	noise
4458	2
4459	2
4460	7
4461	2
4462	7
4463	3
4464	2
4465	7
4466	7
4467	2
4468	3
4469	9
4470	7
4471	2
4472	7
4473	9
4474	7
4475	7
4476	2
4477	7
4478	5
4479	2
4480	2
4481	7
4482	2
4483	4
4484	noise
4485	2
4486	9
4487	5
4488	7
4489	4
4490	7
4491	3
4492	6
4493	7
4494	7
4495	6
4496	9
4497	7
4498	7
4499	noise
4500	4
4501	2
4502	7
4503	7
4504	8
4505	7
4506	2
4507	2
4508	8
4509	7
4510	2
4511	7
4512	2
4513	4
4514	2
4515	9
4516	5
4517	7
4518	7
4519	7
4520	2
4521	2
4522	2
4523	2
4524	7
4525	9
4526	7
4527	8
4528	8
4529	3
4530	7
4531	2
4532	2
4533	9
4534	9
4535	2
4536	2
4537	2
4538	2
4539	8
4540	8
4541	7
4542	8
4543	2
4544	7
4545	3
4546	8
4547	1
4548	4
4549	2
4550	7
4551	8
4552	7
4553	8
4554	9
4555	2
4556	3
4557	2
4558	2
4559	2
4560	8
4561	8
4562	noise
4563	noise
4564	9
4565	2
4566	6
4567	3
4568	8
4569	7
4570	4
4571	3
4572	3
4573	7
4574	7
4575	7
4576	4
4577	7
4578	3
4579	8
4580	2
4581	2
4582	2
4583	7
4584	7
4585	4
4586	7
4587	7
4588	7
4589	8
4590	7
4591	7
4592	6
4593	noise
4594	2
4595	4
4596	2
4597	2
4598	2
4599	8
4600	2
4601	8
4602	9
4603	2
4604	7
4605	4
4606	7
4607	noise
4608	7
4609	7
4610	9
4611	7
4612	noise
4613	2
4614	noise
4615	8
4616	7
4617	8
4618	8
4619	3
4620	2
4621	7
4622	2
4623	4
4624	8
4625	7
4626	7
4627	8
4628	6
4629	9
4630	2
4631	8
4632	8
4633	7
4634	7
4635	9
4636	8
4637	7
4638	8
4639	7
4640	7
4641	7
4642	5
4643	9
4644	7
4645	8
4646	6
4647	2
4648	7
4649	2
4650	7
4651	2
4652	4
4653	8
4654	2
4655	4
4656	2
4657	8
4658	7
4659	9
4660	3
4661	2
4662	2
4663	7
4664	7
4665	8
4666	2
4667	7
4668	4
4669	4
4670	3
4671	9
4672	8
4673	7
4674	2
4675	5
4676	9
4677	9
4678	8
4679	2
4680	8
4681	7
4682	7
4683	7
4684	6
4685	3
4686	7
4687	7
4688	8
4689	6
4690	9
4691	2
4692	noise
4693	2
4694	7
4695	8
4696	5
4697	9
4698	2
4699	9
4700	2
4701	2
4702	7
4703	2
4704	9
4705	7
4706	9
4707	2
4708	noise
4709	8
4710	2
4711	4
4712	3
4713	7
4714	7
4715	8
4716	2
4717	2
4718	7
4719	9
4720	7
4721	2
4722	7
4723	9
4724	7
4725	2
4726	4
4727	2
4728	2
4729	8
4730	4
4731	1
4732	9
4733	8
4734	7
4735	6
4736	7
4737	noise
4738	9
4739	noise
4740	7
4741	8
4742	4
4743	noise
4744	1
4745	7
4746	3
4747	5
4748	7
4749	8
4750	7
4751	8
4752	7
4753	2
4754	7
4755	2
4756	2
4757	5
4758	5
4759	4
4760	8
4761	9
4762	4
4763	7
4764	4
4765	4
4766	7
4767	7
4768	8
4769	8
4770	4
4771	7
4772	2
4773	8
4774	7
4775	8
4776	1
4777	2
4778	2
4779	3
4780	3
4781	noise
4782	2
4783	6
4784	9
4785	9
4786	2
4787	2
4788	2
4789	9
4790	2
4791	7
4792	5
4793	2
4794	7
4795	5
4796	noise
4797	4
4798	noise
4799	9
4800	9
4801	7
4802	6
4803	6
4804	5
4805	noise
4806	9
4807	noise
4808	7
4809	7
4810	4
4811	noise
4812	8
4813	7
4814	7
4815	8
4816	7
4817	7
4818	9
4819	2
4820	noise
4821	2
4822	7
4823	3
4824	7
4825	2
4826	9
4827	2
4828	2
4829	7
4830	9
4831	7
4832	noise
4833	6
4834	2
4835	5
4836	8
4837	2
4838	7
4839	8
4840	2
4841	7
4842	9
4843	2
4844	noise
4845	7
4846	5
4847	noise
4848	7
4849	8
4850	2
4851	7
4852	7
4853	2
4854	7
4855	4
4856	7
4857	7
4858	8
4859	3
4860	9
4861	7
4862	7
4863	7
4864	8
4865	9
4866	7
4867	noise
4868	2
4869	2
4870	7
4871	9
4872	6
4873	7
4874	4
4875	7
4876	2
4877	7
4878	2
4879	4
4880	7
4881	7
4882	8
4883	9
4884	7
4885	noise
4886	6
4887	7
4888	1
4889	2
4890	7
4891	2
4892	9
4893	7
4894	5
4895	9
4896	2
4897	9
4898	7
4899	7
4900	noise
4901	9
4902	9
4903	7
4904	2
4905	7
4906	3
4907	2
4908	9
4909	7
4910	7
4911	7
4912	5
4913	7
4914	1
4915	2
4916	2
4917	6
4918	8
4919	7
4920	1
4921	3
4922	3
4923	noise
4924	7
4925	6
4926	noise
4927	noise
4928	7
4929	7
4930	2
4931	2
4932	7
4933	8
4934	7
4935	noise
4936	noise
4937	1
4938	2
4939	8
4940	9
4941	8
4942	2
4943	7
4944	7
4945	2
4946	1
4947	5
4948	4
4949	7
4950	2
4951	2
4952	8
4953	7
4954	2
4955	7
4956	7
4957	7
4958	4
4959	3
4960	4
4961	8
4962	7
4963	7
4964	7
4965	7
4966	3
4967	2
4968	7
4969	9
4970	7
4971	noise
4972	2
4973	8
4974	7
4975	2
4976	2
4977	2
4978	2
4979	2
4980	noise
4981	7
4982	7
4983	8
4984	9
4985	2
4986	2
4987	7
4988	7
4989	7
4990	2
4991	7
4992	2
4993	8
4994	7
4995	noise
4996	8
4997	3
4998	8
4999	2
5000	7
5001	6
5002	5
5003	2
5004	2
5005	7
5006	5
5007	1
5008	7
5009	3
5010	7
5011	noise
5012	7
5013	2
5014	noise
5015	7
5016	8
5017	7
5018	9
5019	2
5020	noise
5021	9
5022	noise
5023	1
5024	3
5025	2
5026	9
5027	4
5028	2
5029	7
5030	noise
5031	9
5032	7
5033	2
5034	4
5035	7
5036	7
5037	3
5038	6
5039	7
5040	7
5041	2
5042	4
5043	2
5044	2
5045	3
5046	noise
5047	7
5048	4
5049	7
5050	3
5051	7
5052	2
5053	3
5054	7
5055	5
5056	2
5057	7
5058	3
5059	2
5060	2
5061	noise
5062	7
5063	9
5064	6
5065	7
5066	9
5067	4
5068	7
5069	noise
5070	3
5071	9
5072	2
5073	2
5074	9
5075	8
5076	noise
5077	7
5078	9
5079	7
5080	7
5081	7
5082	2
5083	6
5084	3
5085	8
5086	2
5087	7
5088	3
5089	8
5090	noise
5091	4
5092	9
5093	2
5094	8
5095	noise
5096	2
5097	4
5098	8
5099	9
5100	6
5101	noise
5102	7
5103	6
5104	noise
5105	9
5106	7
5107	9
5108	7
5109	7
5110	2
5111	2
5112	6
5113	7
5114	2
5115	8
5116	2
5117	8
5118	3
5119	4
5120	4
5121	2
5122	2
5123	8
5124	3
5125	5
5126	7
5127	7
5128	7
5129	5
5130	3
5131	noise
5132	2
5133	8
5134	7
5135	7
5136	7
5137	7
5138	1
5139	7
5140	8
5141	3
5142	7
5143	1
5144	9
5145	7
5146	7
5147	7
5148	7
5149	2
5150	4
5151	1
5152	9
5153	8
5154	2
5155	7
5156	8
5157	noise
5158	7
5159	1
5160	7
5161	noise
5162	6
5163	8
5164	7
5165	5
5166	7
5167	3
5168	noise
5169	noise
5170	7
5171	7
5172	7
5173	5
5174	7
5175	4
5176	noise
5177	2
5178	7
5179	3
5180	7
5181	9
5182	6
5183	7
5184	7
5185	2
5186	2
5187	7
5188	7
5189	2
5190	3
5191	7
5192	3
5193	2
5194	noise
5195	3
5196	3
5197	4
5198	7
5199	2
5200	7
5201	6
5202	8
5203	3
5204	7
5205	2
5206	2
5207	5
5208	5
5209	2
5210	4
5211	7
5212	9
5213	5
5214	8
5215	8
5216	noise
5217	3
5218	9
5219	4
5220	2
5221	7
5222	2
5223	9
5224	7
5225	8
5226	6
5227	3
5228	6
5229	7
5230	7
5231	7
5232	7
5233	3
5234	2
5235	2
5236	2
5237	7
5238	2
5239	3
5240	7
5241	7
5242	noise
5243	8
5244	8
5245	noise
5246	2
5247	9
5248	2
5249	9
5250	2
5251	noise
5252	1
5253	3
5254	4
5255	9
5256	7
5257	2
5258	6
5259	7
5260	7
5261	6
5262	7
5263	7
5264	9
5265	5
5266	8
5267	7
5268	9
5269	7
5270	1
5271	7
5272	2
5273	7
5274	7
5275	7
5276	7
5277	1
5278	8
5279	3
5280	7
5281	3
5282	2
5283	7
5284	3
5285	6
5286	2
5287	8
5288	7
5289	9
5290	8
5291	7
5292	9
5293	5
5294	7
5295	9
5296	9
5297	7
5298	7
5299	2
5300	3
5301	7
5302	2
5303	4
5304	7
5305	2
5306	1
5307	8
5308	2
5309	3
5310	noise
5311	3
5312	noise
5313	2
5314	2
5315	8
5316	7
5317	8
5318	3
5319	9
5320	2
5321	7
5322	3
5323	7
5324	8
5325	7
5326	8
5327	9
5328	7
5329	4
5330	2
5331	noise
5332	7
5333	7
5334	7
5335	7
5336	8
5337	3
5338	8
5339	3
5340	noise
5341	2
5342	3
5343	8
5344	2
5345	2
5346	8
5347	6
5348	7
5349	3
5350	7
5351	2
5352	noise
5353	4
5354	8
5355	2
5356	2
5357	3
5358	1
5359	2
5360	4
5361	7
5362	1
5363	7
5364	8
5365	4
5366	7
5367	noise
5368	7
5369	7
5370	8
5371	8
5372	9
5373	8
5374	7
5375	4
5376	5
5377	4
5378	7
5379	2
5380	5
5381	7
5382	9
5383	noise
5384	7
5385	6
5386	2
5387	noise
5388	7
5389	9
5390	7
5391	8
5392	2
5393	8
5394	5
5395	9
5396	6
5397	3
5398	7
5399	9
5400	2
5401	7
5402	noise
5403	9
5404	9
5405	8
5406	4
5407	7
5408	7
5409	2
5410	2
5411	8
5412	2
5413	9
5414	4
5415	3
5416	7
5417	2
5418	2
5419	4
5420	2
5421	5
5422	7
5423	noise
5424	7
5425	7
5426	7
5427	noise
5428	7
5429	9
5430	3
5431	2
5432	4
5433	2
5434	7
5435	7
5436	2
5437	9
5438	noise
5439	2
5440	8
5441	9
5442	7
5443	2
5444	4
5445	noise
5446	5
5447	noise
5448	7
5449	4
5450	8
5451	2
5452	noise
5453	9
5454	7
5455	3
5456	2
5457	6
5458	5
5459	9
5460	4
5461	8
5462	7
5463	2
5464	2
5465	1
5466	2
5467	2
5468	2
5469	7
5470	9
5471	7
5472	2
5473	2
5474	8
5475	5
5476	7
5477	3
5478	7
5479	2
5480	8
5481	2
5482	1
5483	2
5484	6
5485	9
5486	2
5487	7
5488	8
5489	4
5490	7
5491	7
5492	5
5493	7
5494	4
5495	4
5496	6
5497	9
5498	2
5499	2
5500	4
5501	3
5502	2
5503	3
5504	7
5505	8
5506	2
5507	7
5508	2
5509	4
5510	4
5511	3
5512	noise
5513	7
5514	1
5515	3
5516	7
5517	4
5518	1
5519	8
5520	3
5521	2
5522	noise
5523	2
5524	7
5525	9
5526	2
5527	3
5528	9
5529	4
5530	2
5531	7
5532	9
5533	3
5534	8
5535	7
5536	2
5537	7
5538	7
5539	3
5540	6
5541	2
5542	8
5543	1
5544	7
5545	7
5546	1
5547	noise
5548	7
5549	2
5550	2
5551	7
5552	2
5553	3
5554	8
5555	8
5556	2
5557	noise
5558	7
5559	7
5560	2
5561	4
5562	7
5563	2
5564	4
5565	8
5566	2
5567	7
5568	7
5569	4
5570	5
5571	noise
5572	2
5573	7
5574	2
5575	7
5576	8
5577	2
5578	7
5579	7
5580	8
5581	7
5582	5
5583	7
5584	2
5585	3
5586	4
5587	4
5588	4
5589	8
5590	noise
5591	8
5592	2
5593	8
5594	2
5595	2
5596	7
5597	7
5598	4
5599	5
5600	2
5601	noise
5602	8
5603	7
5604	2
5605	7
5606	2
5607	3
5608	7
5609	8
5610	2
5611	7
5612	8
5613	7
5614	2
5615	4
5616	8
5617	8
5618	9
5619	7
5620	7
5621	7
5622	2
5623	3
5624	3
5625	7
5626	noise
5627	5
5628	3
5629	6
5630	2
5631	2
5632	1
5633	7
5634	2
5635	4
5636	9
5637	5
5638	5
5639	3
5640	2
5641	9
5642	5
5643	noise
5644	4
5645	2
5646	2
5647	2
5648	4
5649	6
5650	2
5651	7
5652	3
5653	7
5654	8
5655	4
5656	9
5657	noise
5658	7
5659	2
5660	8
5661	7
5662	7
5663	2
5664	4
5665	2
5666	9
5667	7
5668	9
5669	6
5670	2
5671	7
5672	7
5673	9
5674	4
5675	9
5676	2
5677	7
5678	8
5679	noise
5680	7
5681	noise
5682	7
5683	8
5684	8
5685	8
5686	6
5687	1
5688	7
5689	9
5690	2
5691	2
5692	9
5693	7
5694	2
5695	7
5696	2
5697	7
5698	noise
5699	9
5700	3
5701	7
5702	1
5703	7
5704	4
5705	9
5706	noise
5707	8
5708	9
5709	2
5710	7
5711	noise
5712	6
5713	8
5714	7
5715	4
5716	4
5717	1
5718	7
5719	4
5720	2
5721	2
5722	noise
5723	2
5724	8
5725	7
5726	4
5727	6
5728	7
5729	9
5730	3
5731	7
5732	2
5733	7
5734	7
5735	7
5736	2
5737	2
5738	8
5739	9
5740	7
5741	7
5742	2
5743	8
5744	noise
5745	7
5746	3
5747	9
5748	3
5749	9
5750	9
5751	2
5752	7
5753	2
5754	2
5755	5
5756	9
5757	2
5758	7
5759	2
5760	7
5761	8
5762	1
5763	4
5764	7
5765	3
5766	2
5767	2
5768	4
5769	4
5770	3
5771	7
5772	8
5773	7
5774	2
5775	4
5776	noise
5777	2
5778	2
5779	3
5780	7
5781	7
5782	4
5783	2
5784	7
5785	7
5786	7
5787	2
5788	noise
5789	7
5790	4
5791	8
5792	3
5793	2
5794	4
5795	7
5796	7
5797	7
5798	7
5799	1
5800	7
5801	9
5802	3
5803	8
5804	7
5805	4
5806	8
5807	7
5808	noise
5809	7
5810	noise
5811	8
5812	6
5813	2
5814	2
5815	4
5816	2
5817	9
5818	7
5819	7
5820	2
5821	noise
5822	9
5823	7
5824	8
5825	8
5826	2
5827	7
5828	4
5829	8
5830	8
5831	4
5832	7
5833	2
5834	9
5835	9
5836	2
5837	7
5838	7
5839	7
5840	9
5841	5
5842	3
5843	2
5844	7
5845	2
5846	2
5847	8
5848	2
5849	2
5850	7
5851	5
5852	noise
5853	2
5854	2
5855	8
5856	6
5857	8
5858	2
5859	2
5860	5
5861	2
5862	8
5863	4
5864	2
5865	3
5866	2
5867	8
5868	noise
5869	4
5870	3
5871	7
5872	3
5873	8
5874	2
5875	8
5876	9
5877	2
5878	7
5879	noise
5880	noise
5881	7
5882	7
5883	7
5884	7
5885	2
5886	2
5887	7
5888	7
5889	2
5890	noise
5891	noise
5892	2
5893	7
5894	2
5895	2
5896	7
5897	3
5898	4
5899	8
5900	1
5901	2
5902	2
5903	2
5904	4
5905	8
5906	3
5907	4
5908	2
5909	4
5910	9
5911	7
5912	4
5913	noise
5914	2
5915	3
5916	1
5917	7
5918	7
5919	7
5920	2
5921	2
5922	8
5923	noise
5924	7
5925	7
5926	3
5927	noise
5928	7
5929	noise
5930	2
5931	9
5932	9
5933	7
5934	7
5935	9
5936	2
5937	2
5938	7
5939	5
5940	2
5941	9
5942	noise
5943	8
5944	7
5945	9
5946	6
5947	7
5948	7
5949	7
5950	8
5951	8
5952	7
5953	8
5954	5
5955	7
5956	7
5957	noise
5958	2
5959	2
5960	3
5961	2
5962	2
5963	2
5964	2
5965	2
5966	2
5967	8
5968	2
5969	8
5970	2
5971	7
5972	2
5973	noise
5974	9
5975	1
5976	2
5977	8
5978	4
5979	2
5980	5
5981	8
5982	8
5983	1
5984	7
5985	noise
5986	9
5987	6
5988	7
5989	2
5990	4
5991	3
5992	5
5993	noise
5994	8
5995	8
5996	6
5997	2
5998	3
5999	9
6000	3
6001	9
6002	5
6003	7
6004	7
6005	7
6006	2
6007	7
6008	6
6009	2
6010	9
6011	2
6012	7
6013	noise
6014	noise
6015	2
6016	2
6017	2
6018	2
6019	7
6020	2
6021	2
6022	noise
6023	8
6024	3
6025	2
6026	7
6027	6
6028	3
6029	noise
6030	9
6031	8
6032	7
6033	7
6034	2
6035	9
6036	6
6037	2
6038	2
6039	1
6040	5
6041	noise
6042	2
6043	7
6044	7
6045	7
6046	8
6047	noise
6048	2
6049	7
6050	6
6051	8
6052	2
6053	2
6054	2
6055	1
6056	7
6057	2
6058	9
6059	9
6060	7
6061	8
6062	3
6063	noise
6064	2
6065	8
6066	7
6067	7
6068	7
6069	2
6070	9
6071	2
6072	1
6073	5
6074	7
6075	2
6076	9
6077	2
6078	2
6079	5
6080	2
6081	7
6082	5
6083	7
6084	4
6085	4
6086	6
6087	2
6088	7
6089	7
6090	9
6091	9
6092	7
6093	2
6094	7
6095	2
6096	6
6097	5
6098	7
6099	8
6100	9
6101	2
6102	4
6103	noise
6104	7
6105	7
6106	noise
6107	4
6108	noise
6109	3
6110	noise
6111	5
6112	9
6113	7
6114	9
6115	2
6116	2
6117	2
6118	2
6119	3
6120	2
6121	6
6122	8
6123	6
6124	8
6125	noise
6126	4
6127	4
6128	2
6129	8
6130	2
6131	3
6132	7
6133	4
6134	6
6135	8
6136	7
6137	2
6138	2
6139	1
6140	7
6141	2
6142	7
6143	7
6144	7
6145	7
6146	2
6147	9
6148	7
6149	3
6150	2
6151	noise
6152	7
6153	7
6154	7
6155	7
6156	2
6157	7
6158	7
6159	2
6160	9
6161	noise
6162	5
6163	1
6164	2
6165	3
6166	4
6167	7
6168	7
6169	3
6170	7
6171	2
6172	1
6173	7
6174	8
6175	6
6176	5
6177	5
6178	5
6179	2
6180	noise
6181	2
6182	9
6183	9
6184	9
6185	7
6186	4
6187	2
6188	7
6189	8
6190	2
6191	2
6192	7
6193	3
6194	2
6195	7
6196	2
6197	noise
6198	8
6199	7
6200	4
6201	8
6202	7
6203	7
6204	2
6205	8
6206	2
6207	7
6208	8
6209	noise
6210	2
6211	2
6212	7
6213	7
6214	7
6215	2
6216	7
6217	6
6218	8
6219	noise
6220	noise
6221	2
6222	2
6223	4
6224	7
6225	1
6226	5
6227	7
6228	5
6229	1
6230	3
6231	7
6232	1
6233	9
6234	8
6235	1
6236	9
6237	7
6238	7
6239	2
6240	7
6241	2
6242	9
6243	2
6244	9
6245	7
6246	7
6247	5
6248	7
6249	9
6250	6
6251	5
6252	7
6253	5
6254	9
6255	7
6256	4
6257	8
6258	9
6259	2
6260	7
6261	3
6262	noise
6263	2
6264	7
6265	7
6266	9
6267	noise
6268	2
6269	9
6270	9
6271	4
6272	7
6273	6
6274	5
6275	6
6276	2
6277	9
6278	2
6279	5
6280	7
6281	8
6282	8
6283	6
6284	5
6285	2
6286	7
6287	7
6288	9
6289	8
6290	7
6291	8
6292	7
6293	noise
6294	9
6295	6
6296	7
6297	8
6298	noise
6299	3
6300	6
6301	4
6302	9
6303	2
6304	noise
6305	7
6306	4
6307	7
6308	9
6309	7
6310	9
6311	9
6312	7
6313	5
6314	7
6315	7
6316	8
6317	8
6318	2
6319	7
6320	7
6321	noise
6322	7
6323	3
6324	7
6325	8
6326	4
6327	3
6328	6
6329	8
6330	2
6331	2
6332	4
6333	7
6334	7
6335	9
6336	8
6337	9
6338	9
6339	9
6340	7
6341	2
6342	7
6343	8
6344	3
6345	7
6346	2
6347	7
6348	2
6349	2
6350	5
6351	7
6352	5
6353	noise
6354	2
6355	2
6356	4
6357	noise
6358	3
6359	9
6360	8
6361	2
6362	7
6363	7
6364	noise
6365	9
6366	7
6367	1
6368	2
6369	2
6370	2
6371	2
6372	7
6373	7
6374	noise
6375	2
6376	7
6377	5
6378	2
6379	7
6380	2
6381	noise
6382	9
6383	9
6384	7
6385	7
6386	7
6387	6
6388	2
6389	7
6390	7
6391	6
6392	3
6393	noise
6394	noise
6395	2
6396	2
6397	2
6398	8
6399	4
6400	7
6401	7
6402	9
6403	7
6404	8
6405	5
6406	7
6407	5
6408	8
6409	noise
6410	2
6411	2
6412	7
6413	2
6414	2
6415	2
6416	2
6417	2
6418	2
6419	2
6420	7
6421	9
6422	9
6423	3
6424	7
6425	7
6426	3
6427	3
6428	8
6429	3
6430	9
6431	9
6432	2
6433	7
6434	7
6435	4
6436	2
6437	2
6438	7
6439	7
6440	3
6441	2
6442	2
6443	7
6444	1
6445	7
6446	8
6447	noise
6448	7
6449	7
6450	noise
6451	7
6452	2
6453	7
6454	4
6455	3
6456	7
6457	8
6458	4
6459	9
6460	2
6461	2
6462	4
6463	8
6464	2
6465	3
6466	noise
6467	noise
6468	noise
6469	8
6470	noise
6471	5
6472	1
6473	7
6474	6
6475	noise
6476	7
6477	2
6478	2
6479	8
6480	9
6481	2
6482	7
6483	2
6484	7
6485	7
6486	7
6487	7
6488	noise
6489	9
6490	8
6491	noise
6492	7
6493	2
6494	7
6495	5
6496	9
6497	2
6498	7
6499	7
6500	2
6501	7
6502	7
6503	8
6504	8
6505	2
6506	9
6507	7
6508	7
6509	1
6510	3
6511	9
6512	9
6513	7
6514	7
6515	7
6516	9
6517	2
6518	8
6519	noise
6520	2
6521	2
6522	7
6523	2
6524	9
6525	8
6526	2
6527	9
6528	noise
6529	noise
6530	4
6531	7
6532	7
6533	2
6534	2
6535	6
6536	4
6537	3
6538	7
6539	2
6540	2
6541	9
6542	3
6543	noise
6544	1
6545	2
6546	7
6547	2
6548	7
6549	9
6550	7
6551	9
6552	8
6553	7
6554	6
6555	1
6556	7
6557	7
6558	7
6559	7
6560	9
6561	7
6562	7
6563	8
6564	7
6565	4
6566	7
6567	7
6568	2
6569	7
6570	7
6571	8
6572	7
6573	7
6574	2
6575	8
6576	4
6577	2
6578	2
6579	9
6580	noise
6581	5
6582	7
6583	2
6584	3
6585	7
6586	2
6587	9
6588	2
6589	7
6590	noise
6591	4
6592	2
6593	1
6594	8
6595	2
6596	noise
6597	7
6598	9
6599	noise
6600	4
6601	7
6602	7
6603	7
6604	2
6605	3
6606	9
6607	5
6608	3
6609	2
6610	2
6611	noise
6612	noise
6613	3
6614	7
6615	9
6616	8
6617	9
6618	7
6619	2
6620	7
6621	2
6622	2
6623	7
6624	7
6625	2
6626	9
6627	2
6628	3
6629	7
6630	2
6631	7
6632	7
6633	9
6634	9
6635	4
6636	7
6637	7
6638	7
6639	7
6640	7
6641	7
6642	1
6643	9
6644	7
6645	3
6646	5
6647	7
6648	2
6649	8
6650	2
6651	7
6652	4
6653	9
6654	2
6655	2
6656	9
6657	7
6658	1
6659	7
6660	4
6661	noise
6662	9
6663	noise
6664	2
6665	7
6666	8
6667	3
6668	2
6669	7
6670	7
6671	2
6672	9
6673	8
6674	5
6675	7
6676	7
6677	7
6678	4
6679	8
6680	7
6681	2
6682	8
6683	8
6684	9
6685	2
6686	7
6687	7
6688	2
6689	7
6690	1
6691	7
6692	2
6693	2
6694	9
6695	4
6696	9
6697	4
6698	7
6699	7
6700	8
6701	5
6702	9
6703	7
6704	7
6705	9
6706	7
6707	7
6708	7
6709	7
6710	9
6711	7
6712	5
6713	3
6714	7
6715	2
6716	7
6717	3
6718	1
6719	9
6720	2
6721	9
6722	9
6723	6
6724	noise
6725	3
6726	3
6727	2
6728	3
6729	8
6730	6
6731	2
6732	2
6733	7
6734	2
6735	2
6736	4
6737	2
6738	8
6739	noise
6740	4
6741	3
6742	7
6743	2
6744	7
6745	8
6746	2
6747	noise
6748	7
6749	7
6750	9
6751	2
6752	7
6753	2
6754	8
6755	noise
6756	2
6757	3
6758	4
6759	7
6760	6
6761	8
6762	5
6763	7
6764	9
6765	2
6766	7
6767	noise
6768	3
6769	9
6770	2
6771	4
6772	noise
6773	2
6774	noise
6775	2
6776	7
6777	2
6778	2
6779	2
6780	7
6781	5
6782	8
6783	6
6784	4
6785	9
6786	2
6787	3
6788	7
6789	7
6790	3
6791	4
6792	9
6793	7
6794	2
6795	2
6796	7
6797	7
6798	7
6799	7
6800	3
6801	noise
6802	2
6803	2
6804	2
6805	9
6806	9
6807	1
6808	2
6809	3
6810	2
6811	3
6812	8
6813	2
6814	2
6815	2
6816	noise
6817	5
6818	3
6819	9
6820	3
6821	noise
6822	8
6823	8
6824	noise
6825	9
6826	7
6827	7
6828	8
6829	7
6830	2
6831	7
6832	3
6833	8
6834	7
6835	8
6836	7
6837	1
6838	noise
6839	3
6840	2
6841	8
6842	noise
6843	6
6844	9
6845	2
6846	9
6847	4
6848	4
6849	4
6850	2
6851	noise
6852	7
6853	1
6854	5
6855	2
6856	7
6857	noise
6858	7
6859	2
6860	7
6861	2
6862	4
6863	7
6864	7
6865	7
6866	2
6867	8
6868	5
6869	7
6870	7
6871	2
6872	7
6873	7
6874	7
6875	2
6876	2
6877	2
6878	2
6879	8
6880	2
6881	4
6882	3
6883	8
6884	8
6885	9
6886	8
6887	7
6888	2
6889	7
6890	2
6891	2
6892	8
6893	2
6894	2
6895	2
6896	3
6897	9
6898	2
6899	5
6900	7
6901	noise
6902	7
6903	5
6904	7
6905	4
6906	1
6907	7
6908	1
6909	2
6910	2
6911	7
6912	2
6913	4
6914	9
6915	3
6916	7
6917	3
6918	2
6919	8
6920	7
6921	2
6922	7
6923	7
6924	2
6925	7
6926	7
6927	5
6928	2
6929	2
6930	7
6931	9
6932	7
6933	8
6934	8
6935	7
6936	3
6937	2
6938	7
6939	9
6940	7
6941	8
6942	8
6943	8
6944	2
6945	4
6946	4
6947	7
6948	7
6949	noise
6950	2
6951	9
6952	2
6953	3
6954	2
6955	4
6956	noise
6957	9
6958	4
6959	2
6960	5
6961	2
6962	7
6963	7
6964	2
6965	1
6966	4
6967	noise
6968	5
6969	noise
6970	4
6971	7
6972	3
6973	2
6974	7
6975	7
6976	8
6977	9
6978	7
6979	3
6980	noise
6981	noise
6982	7
6983	5
6984	noise
6985	2
6986	8
6987	7
6988	2
6989	4
6990	2
6991	9
6992	9
6993	2
6994	8
6995	8
6996	7
6997	2
6998	8
6999	noise
7000	7
7001	9
7002	5
7003	7
7004	2
7005	2
7006	noise
7007	7
7008	7
7009	2
7010	7
7011	2
7012	7
7013	7
7014	5
7015	1
7016	7
7017	9
7018	9
7019	7
7020	7
7021	7
7022	2
7023	4
7024	2
7025	6
7026	9
7027	7
7028	5
7029	3
7030	7
7031	4
7032	2
7033	2
7034	7
7035	2
7036	7
7037	7
7038	2
7039	2
7040	6
7041	7
7042	7
7043	5
7044	2
7045	noise
7046	7
7047	7
7048	noise
7049	7
7050	3
7051	8
7052	8
7053	2
7054	7
7055	4
7056	2
7057	7
7058	noise
7059	2
7060	7
7061	8
7062	9
7063	5
7064	4
7065	6
7066	1
7067	noise
7068	2
7069	3
7070	9
7071	4
7072	9
7073	2
7074	2
7075	7
7076	7
7077	2
7078	7
7079	3
7080	3
7081	8
7082	9
7083	8
7084	3
7085	7
7086	3
7087	6
7088	2
7089	9
7090	8
7091	2
7092	6
7093	8
7094	4
7095	7
7096	2
7097	3
7098	9
7099	9
7100	1
7101	2
7102	7
7103	7
7104	7
7105	2
7106	7
7107	3
7108	2
7109	2
7110	noise
7111	2
7112	7
7113	9
7114	2
7115	5
7116	6
7117	3
7118	7
7119	7
7120	7
7121	4
7122	7
7123	9
7124	3
7125	9
7126	7
7127	3
7128	4
7129	7
7130	noise
7131	2
7132	7
7133	2
7134	4
7135	3
7136	7
7137	7
7138	2
7139	8
7140	2
7141	2
7142	7
7143	8
7144	9
7145	noise
7146	2
7147	2
7148	6
7149	2
7150	8
7151	2
7152	noise
7153	8
7154	7
7155	2
7156	noise
7157	2
7158	4
7159	noise
7160	7
7161	7
7162	6
7163	noise
7164	2
7165	4
7166	noise
7167	8
7168	noise
7169	7
7170	2
7171	8
7172	6
7173	2
7174	noise
7175	2
7176	7
7177	6
7178	2
7179	2
7180	7
7181	4
7182	3
7183	9
7184	7
7185	2
7186	6
7187	9
7188	2
7189	7
7190	2
7191	7
7192	7
7193	1
7194	3
7195	8
7196	noise
7197	2
7198	4
7199	6
7200	7
7201	2
7202	7
7203	7
7204	7
7205	2
7206	5
7207	7
7208	2
7209	9
7210	7
7211	2
7212	7
7213	8
7214	6
7215	4
7216	7
7217	7
7218	7
7219	1
7220	7
7221	2
7222	noise
7223	8
7224	7
7225	2
7226	7
7227	9
7228	8
7229	7
7230	8
7231	5
7232	6
7233	1
7234	2
7235	5
7236	9
7237	9
7238	7
7239	9
7240	7
7241	7
7242	7
7243	noise
7244	4
7245	2
7246	7
7247	7
7248	6
7249	2
7250	7
7251	noise
7252	3
7253	7
7254	2
7255	7
7256	9
7257	8
7258	7
7259	8
7260	6
7261	9
7262	2
7263	2
7264	2
7265	8
7266	9
7267	5
7268	8
7269	7
7270	8
7271	6
7272	4
7273	9
7274	7
7275	5
7276	noise
7277	5
7278	9
7279	7
7280	8
7281	9
7282	9
7283	9
7284	5
7285	3
7286	1
7287	9
7288	2
7289	3
7290	noise
7291	9
7292	7
7293	8
7294	7
7295	4
7296	2
7297	9
7298	2
7299	7
7300	7
7301	7
7302	9
7303	9
7304	7
7305	2
7306	2
7307	2
7308	7
7309	6
7310	7
7311	2
7312	2
7313	4
7314	7
7315	7
7316	7
7317	7
7318	noise
7319	6
7320	noise
7321	2
7322	9
7323	9
7324	7
7325	7
7326	8
7327	noise
7328	7
7329	8
7330	7
7331	3
7332	2
7333	2
7334	noise
7335	5
7336	7
7337	7
7338	8
7339	9
7340	7
7341	8
7342	8
7343	7
7344	9
7345	2
7346	7
7347	2
7348	8
7349	2
7350	2
7351	2
7352	2
7353	9
7354	7
7355	8
7356	3
7357	9
7358	4
7359	noise
7360	4
7361	1
7362	7
7363	2
7364	9
7365	noise
7366	8
7367	7
7368	2
7369	2
7370	7
7371	8
7372	7
7373	7
7374	5
7375	9
7376	9
7377	6
7378	7
7379	7
7380	2
7381	6
7382	1
7383	7
7384	2
7385	8
7386	8
7387	7
7388	9
7389	7
7390	noise
7391	8
7392	7
7393	7
7394	7
7395	noise
7396	7
7397	5
7398	7
7399	2
7400	7
7401	8
7402	2
7403	5
7404	noise
7405	2
7406	9
7407	8
7408	9
7409	8
7410	7
7411	8
7412	noise
7413	7
7414	7
7415	8
7416	8
7417	7
7418	8
7419	2
7420	2
7421	7
7422	9
7423	2
7424	7
7425	7
7426	2
7427	2
7428	7
7429	2
7430	7
7431	noise
7432	8
7433	7
7434	3
7435	5
7436	2
7437	7
7438	2
7439	noise
7440	noise
7441	7
7442	2
7443	9
7444	7
7445	8
7446	7
7447	4
7448	8
7449	3
7450	noise
7451	2
7452	4
7453	7
7454	9
7455	2
7456	5
7457	7
7458	9
7459	7
7460	noise
7461	7
7462	5
7463	3
7464	9
7465	8
7466	7
7467	5
7468	4
7469	4
7470	8
7471	5
7472	7
7473	7
7474	6
7475	6
7476	7
7477	2
7478	7
7479	2
7480	noise
7481	1
7482	9
7483	9
7484	2
7485	2
7486	7
7487	7
7488	1
7489	9
7490	7
7491	8
7492	9
7493	3
7494	1
7495	2
7496	2
7497	2
7498	7
7499	4
7500	6
7501	4
7502	7
7503	3
7504	4
7505	noise
7506	7
7507	8
7508	1
7509	8
7510	5
7511	2
7512	2
7513	noise
7514	noise
7515	5
7516	2
7517	4
7518	5
7519	6
7520	9
7521	7
7522	2
7523	8
7524	3
7525	3
7526	2
7527	noise
7528	7
7529	noise
7530	2
7531	7
7532	2
7533	noise
7534	9
7535	noise
7536	7
7537	9
7538	1
7539	2
7540	5
7541	7
7542	8
7543	noise
7544	4
7545	3
7546	4
7547	5
7548	7
7549	9
7550	7
7551	7
7552	9
7553	9
7554	6
7555	7
7556	2
7557	7
7558	2
7559	2
7560	7
7561	9
7562	7
7563	2
7564	9
7565	7
7566	5
7567	7
7568	4
7569	7
7570	2
7571	noise
7572	noise
7573	8
7574	8
7575	7
7576	8
7577	7
7578	2
7579	5
7580	2
7581	9
7582	2
7583	9
7584	2
7585	2
7586	9
7587	7
7588	3
7589	3
7590	5
7591	2
7592	9
7593	3
7594	noise
7595	5
7596	7
7597	2
7598	9
7599	4
7600	8
7601	2
7602	2
7603	noise
7604	7
7605	7
7606	9
7607	2
7608	5
7609	7
7610	2
7611	2
7612	6
7613	2
7614	2
7615	2
7616	5
7617	5
7618	2
7619	2
7620	7
7621	8
7622	1
7623	8
7624	7
7625	9
7626	7
7627	3
7628	2
7629	8
7630	2
7631	7
7632	7
7633	8
7634	2
7635	5
7636	9
7637	7
7638	9
7639	2
7640	7
7641	8
7642	3
7643	2
7644	7
7645	noise
7646	9
7647	2
7648	2
7649	6
7650	6
7651	2
7652	3
7653	noise
7654	8
7655	2
7656	2
7657	8
7658	7
7659	noise
7660	2
7661	noise
7662	1
7663	7
7664	5
7665	3
7666	9
7667	7
7668	7
7669	7
7670	8
7671	6
7672	8
7673	2
7674	7
7675	8
7676	3
7677	2
7678	2
7679	7
7680	noise
7681	1
7682	7
7683	2
7684	noise
7685	9
7686	7
7687	4
7688	2
7689	1
7690	3
7691	2
7692	8
7693	noise
7694	2
7695	7
7696	7
7697	2
7698	7
7699	2
7700	8
7701	2
7702	2
7703	noise
7704	8
7705	2
7706	2
7707	7
7708	2
7709	9
7710	2
7711	2
7712	7
7713	7
7714	noise
7715	4
7716	2
7717	noise
7718	7
7719	5
7720	noise
7721	7
7722	6
7723	7
7724	noise
7725	noise
7726	8
7727	7
7728	2
7729	4
7730	7
7731	9
7732	2
7733	7
7734	2
7735	4
7736	9
7737	9
7738	9
7739	7
7740	noise
7741	9
7742	9
7743	7
7744	3
7745	2
7746	8
7747	2
7748	4
7749	8
7750	9
7751	7
7752	2
7753	7
7754	7
7755	8
7756	2
7757	2
7758	2
7759	7
7760	7
7761	2
7762	9
7763	7
7764	3
7765	5
7766	9
7767	1
7768	noise
7769	7
7770	3
7771	9
7772	2
7773	7
7774	9
7775	noise
7776	noise
7777	1
7778	9
7779	2
7780	2
7781	2
7782	7
7783	3
7784	9
7785	7
7786	noise
7787	noise
7788	7
7789	noise
7790	7
7791	7
7792	6
7793	2
7794	7
7795	7
7796	2
7797	8
7798	7
7799	noise
7800	7
7801	3
7802	9
7803	5
7804	7
7805	7
7806	7
7807	noise
7808	2
7809	4
7810	8
7811	9
7812	noise
7813	7
7814	2
7815	noise
7816	4
7817	4
7818	3
7819	2
7820	4
7821	4
7822	2
7823	9
7824	7
7825	7
7826	noise
7827	2
7828	3
7829	7
7830	3
7831	2
7832	2
7833	3
7834	3
7835	2
7836	2
7837	noise
7838	9
7839	8
7840	8
7841	2
7842	7
7843	9
7844	7
7845	7
7846	8
7847	9
7848	9
7849	7
7850	4
7851	7
7852	4
7853	9
7854	4
7855	noise
7856	7
7857	8
7858	2
7859	2
7860	2
7861	2
7862	9
7863	1
7864	noise
7865	4
7866	8
7867	4
7868	7
7869	7
7870	2
7871	7
7872	7
7873	noise
7874	7
7875	2
7876	9
7877	2
7878	7
7879	7
7880	noise
7881	8
7882	2
7883	2
7884	7
7885	8
7886	noise
7887	3
7888	7
7889	2
7890	7
7891	2
7892	2
7893	7
7894	2
7895	7
7896	2
7897	2
7898	2
7899	7
7900	7
7901	7
7902	2
7903	noise
7904	2
7905	9
7906	9
7907	7
7908	7
7909	8
7910	7
7911	8
7912	2
7913	5
7914	7
7915	7
7916	9
7917	3
7918	2
7919	7
7920	3
7921	9
7922	7
7923	3
7924	7
7925	4
7926	2
7927	noise
7928	9
7929	2
7930	2
7931	2
7932	7
7933	8
7934	6
7935	4
7936	7
7937	6
7938	7
7939	2
7940	2
7941	7
7942	5
7943	7
7944	9
7945	8
7946	8
7947	2
7948	9
7949	7
7950	2
7951	2
7952	7
7953	noise
7954	2
7955	4
7956	7
7957	2
7958	8
7959	7
7960	7
7961	noise
7962	1
7963	8
7964	2
7965	7
7966	7
7967	7
7968	9
7969	noise
7970	noise
7971	6
7972	2
7973	6
7974	7
7975	7
7976	3
7977	2
7978	7
7979	2
7980	7
7981	8
7982	7
7983	1
7984	3
7985	7
7986	9
7987	2
7988	noise
7989	2
7990	8
7991	4
7992	2
7993	2
7994	9
7995	2
7996	4
7997	7
7998	6
7999	8
8000	7
8001	9
8002	9
8003	3
8004	9
8005	7
8006	7
8007	9
8008	8
8009	7
8010	9
8011	2
8012	8
8013	7
8014	7
8015	7
8016	2
8017	7
8018	1
8019	5
8020	2
8021	8
8022	2
8023	5
8024	2
8025	9
8026	2
8027	2
8028	9
8029	2
8030	7
8031	2
8032	7
8033	2
8034	2
8035	6
8036	1
8037	9
8038	7
8039	2
8040	2
8041	4
8042	noise
8043	2
8044	5
8045	7
8046	9
8047	9
8048	7
8049	6
8050	9
8051	8
8052	2
8053	2
8054	noise
8055	noise
8056	2
8057	4
8058	7
8059	4
8060	8
8061	noise
8062	7
8063	2
8064	5
8065	8
8066	8
8067	6
8068	7
8069	1
8070	2
8071	2
8072	9
8073	2
8074	8
8075	9
8076	7
8077	noise
8078	2
8079	4
8080	2
8081	3
8082	3
8083	9
8084	9
8085	7
8086	2
8087	3
8088	7
8089	7
8090	2
8091	7
8092	2
8093	3
8094	7
8095	8
8096	8
8097	2
8098	8
8099	7
8100	9
8101	7
8102	8
8103	9
8104	noise
8105	2
8106	9
8107	7
8108	9
8109	6
8110	2
8111	9
8112	7
8113	2
8114	2
8115	3
8116	3
8117	7
8118	7
8119	2
8120	3
8121	7
8122	7
8123	7
8124	9
8125	2
8126	4
8127	2
8128	7
8129	2
8130	7
8131	2
8132	2
8133	7
8134	6
8135	noise
8136	7
8137	7
8138	7
8139	4
8140	8
8141	9
8142	2
8143	9
8144	8
8145	1
8146	noise
8147	2
8148	8
8149	5
8150	7
8151	7
8152	3
8153	9
8154	7
8155	2
8156	4
8157	8
8158	7
8159	2
8160	4
8161	3
8162	2
8163	2
8164	7
8165	3
8166	2
8167	7
8168	7
8169	3
8170	7
8171	7
8172	2
8173	1
8174	4
8175	9
8176	7
8177	9
8178	2
8179	5
8180	2
8181	7
8182	8
8183	8
8184	2
8185	7
8186	7
8187	7
8188	3
8189	7
8190	7
8191	2
8192	noise
8193	8
8194	9
8195	9
8196	4
8197	6
8198	7
8199	noise
8200	2
8201	3
8202	5
8203	7
8204	9
8205	9
8206	2
8207	7
8208	2
8209	noise
8210	2
8211	3
8212	9
8213	7
8214	5
8215	7
8216	2
8217	2
8218	3
8219	7
8220	2
8221	7
8222	7
8223	7
8224	6
8225	4
8226	7
8227	2
8228	7
8229	6
8230	7
8231	9
8232	9
8233	2
8234	7
8235	noise
8236	2
8237	7
8238	9
8239	7
8240	7
8241	8
8242	2
8243	2
8244	6
8245	2
8246	4
8247	9
8248	4
8249	4
8250	2
8251	8
8252	8
8253	2
8254	7
8255	5
8256	2
8257	2
8258	5
8259	5
8260	7
8261	2
8262	9
8263	noise
8264	2
8265	8
8266	4
8267	2
8268	6
8269	7
8270	7
8271	4
8272	7
8273	2
8274	noise
8275	7
8276	7
8277	4
8278	5
8279	9
8280	4
8281	2
8282	8
8283	7
8284	7
8285	2
8286	8
8287	4
8288	9
8289	8
8290	2
8291	7
8292	noise
8293	2
8294	7
8295	noise
8296	2
8297	7
8298	7
8299	noise
8300	5
8301	1
8302	2
8303	7
8304	2
8305	7
8306	8
8307	8
8308	2
8309	2
8310	2
8311	9
8312	noise
8313	noise
8314	4
8315	2
8316	noise
8317	8
8318	3
8319	9
8320	3
8321	8
8322	7
8323	7
8324	5
8325	7
8326	3
8327	4
8328	7
8329	9
8330	2
8331	7
8332	8
8333	3
8334	9
8335	7
8336	7
8337	7
8338	2
8339	9
8340	9
8341	4
8342	9
8343	2
8344	9
8345	7
8346	2
8347	1
8348	9
8349	noise
8350	7
8351	6
8352	4
8353	2
8354	7
8355	7
8356	4
8357	5
8358	1
8359	7
8360	5
8361	1
8362	2
8363	4
8364	noise
8365	8
8366	7
8367	2
8368	2
8369	9
8370	noise
8371	7
8372	3
8373	2
8374	7
8375	3
8376	2
8377	8
8378	noise
8379	7
8380	3
8381	7
8382	8
8383	8
8384	7
8385	7
8386	noise
8387	7
8388	2
8389	7
8390	8
8391	noise
8392	7
8393	8
8394	8
8395	7
8396	5
8397	7
8398	2
8399	8
8400	8
8401	3
8402	2
8403	7
8404	noise
8405	8
8406	2
8407	7
8408	2
8409	7
8410	noise
8411	7
8412	2
8413	2
8414	2
8415	7
8416	6
8417	7
8418	5
8419	8
8420	8
8421	7
8422	2
8423	noise
8424	9
8425	8
8426	7
8427	7
8428	7
8429	7
8430	2
8431	2
8432	3
8433	2
8434	1
8435	5
8436	7
8437	1
8438	noise
8439	7
8440	2
8441	6
8442	7
8443	2
8444	2
8445	8
8446	6
8447	7
8448	7
8449	2
8450	3
8451	7
8452	noise
8453	1
8454	7
8455	9
8456	5
8457	2
8458	7
8459	1
8460	7
8461	2
8462	5
8463	9
8464	2
8465	4
8466	7
8467	7
8468	7
8469	8
8470	7
8471	2
8472	7
8473	4
8474	7
8475	7
8476	4
8477	9
8478	1
8479	1
8480	2
8481	4
8482	2
8483	3
8484	1
8485	9
8486	7
8487	9
8488	7
8489	9
8490	7
8491	noise
8492	4
8493	7
8494	7
8495	5
8496	7
8497	1
8498	2
8499	8
8500	7
8501	9
8502	6
8503	2
8504	2
8505	9
8506	2
8507	7
8508	2
8509	noise
8510	9
8511	noise
8512	7
8513	2
8514	3
8515	9
8516	7
8517	7
8518	9
8519	4
8520	2
8521	8
8522	2
8523	3
8524	2
8525	7
8526	2
8527	noise
8528	1
8529	7
8530	3
8531	8
8532	4
8533	noise
8534	4
8535	2
8536	7
8537	8
8538	noise
8539	noise
8540	4
8541	noise
8542	7
8543	8
8544	7
8545	9
8546	9
8547	5
8548	2
8549	7
8550	9
8551	noise
8552	2
8553	8
8554	2
8555	2
8556	8
8557	7
8558	7
8559	3
8560	2
8561	2
8562	1
8563	9
8564	8
8565	2
8566	noise
8567	8
8568	8
8569	2
8570	2
8571	9
8572	8
8573	7
8574	7
8575	noise
8576	9
8577	7
8578	2
8579	9
8580	9
8581	noise
8582	9
8583	noise
8584	9
8585	2
8586	2
8587	9
8588	2
8589	7
8590	5
8591	7
8592	6
8593	noise
8594	2
8595	2
8596	3
8597	9
8598	7
8599	3
8600	2
8601	8
8602	9
8603	4
8604	2
8605	7
8606	7
8607	2
8608	7
8609	8
8610	2
8611	7
8612	7
8613	7
8614	4
8615	7
8616	7
8617	7
8618	7
8619	7
8620	2
8621	2
8622	noise
8623	noise
8624	2
8625	2
8626	7
8627	9
8628	5
8629	4
8630	7
8631	7
8632	7
8633	7
8634	7
8635	9
8636	2
8637	7
8638	7
8639	noise
8640	1
8641	7
8642	4
8643	7
8644	8
8645	4
8646	noise
8647	2
8648	5
8649	7
8650	7
8651	9
8652	7
8653	7
8654	2
8655	2
8656	2
8657	noise
8658	2
8659	5
8660	7
8661	2
8662	6
8663	3
8664	2
8665	8
8666	2
8667	9
8668	8
8669	2
8670	7
8671	7
8672	1
8673	7
8674	2
8675	9
8676	2
8677	noise
8678	3
8679	7
8680	2
8681	8
8682	2
8683	7
8684	noise
8685	7
8686	8
8687	6
8688	7
8689	9
8690	1
8691	2
8692	8
8693	2
8694	4
8695	3
8696	3
8697	7
8698	8
8699	8
8700	3
8701	2
8702	8
8703	7
8704	9
8705	7
8706	5
8707	2
8708	7
8709	7
8710	8
8711	2
8712	8
8713	4
8714	7
8715	9
8716	7
8717	3
8718	6
8719	9
8720	7
8721	3
8722	3
8723	9
8724	2
8725	noise
8726	7
8727	noise
8728	8
8729	7
8730	noise
8731	7
8732	2
8733	6
8734	7
8735	noise
8736	7
8737	2
8738	noise
8739	7
8740	8
8741	2
8742	9
8743	7
8744	3
8745	7
8746	7
8747	8
8748	7
8749	1
8750	9
8751	4
8752	7
8753	2
8754	7
8755	2
8756	7
8757	9
8758	7
8759	7
8760	5
8761	8
8762	2
8763	8
8764	noise
8765	8
8766	8
8767	2
8768	2
8769	noise
8770	1
8771	2
8772	7
8773	8
8774	2
8775	9
8776	3
8777	2
8778	2
8779	2
8780	9
8781	5
8782	7
8783	1
8784	2
8785	2
8786	1
8787	noise
8788	2
8789	7
8790	noise
8791	2
8792	2
8793	2
8794	7
8795	9
8796	2
8797	2
8798	2
8799	7
8800	7
8801	2
8802	7
8803	7
8804	6
8805	7
8806	4
8807	7
8808	2
8809	7
8810	noise
8811	9
8812	2
8813	8
8814	8
8815	2
8816	9
8817	2
8818	2
8819	7
8820	9
8821	7
8822	9
8823	2
8824	9
8825	9
8826	noise
8827	2
8828	noise
8829	2
8830	9
8831	2
8832	2
8833	9
8834	3
8835	noise
8836	9
8837	7
8838	9
8839	7
8840	8
8841	8
8842	2
8843	8
8844	2
8845	7
8846	9
8847	9
8848	2
8849	2
8850	4
8851	8
8852	7
8853	7
8854	7
8855	7
8856	7
8857	2
8858	7
8859	7
8860	7
8861	7
8862	3
8863	9
8864	7
8865	7
8866	4
8867	7
8868	5
8869	7
8870	9
8871	7
8872	6
8873	9
8874	7
8875	5
8876	1
8877	7
8878	1
8879	2
8880	7
8881	7
8882	2
8883	8
8884	7
8885	7
8886	2
8887	1
8888	2
8889	noise
8890	noise
8891	8
8892	noise
8893	7
8894	7
8895	2
8896	4
8897	8
8898	7
8899	8
8900	7
8901	1
8902	2
8903	2
8904	8
8905	3
8906	2
8907	7
8908	7
8909	4
8910	7
8911	9
8912	3
8913	2
8914	7
8915	noise
8916	9
8917	3
8918	7
8919	7
8920	3
8921	7
8922	5
8923	noise
8924	9
8925	7
8926	2
8927	5
8928	7
8929	4
8930	3
8931	2
8932	4
8933	7
8934	7
8935	7
8936	9
8937	9
8938	2
8939	7
8940	7
8941	7
8942	7
8943	noise
8944	3
8945	7
8946	2
8947	3
8948	8
8949	4
8950	noise
8951	7
8952	7
8953	7
8954	2
8955	2
8956	2
8957	7
8958	7
8959	3
8960	6
8961	4
8962	4
8963	7
8964	7
8965	noise
8966	7
8967	9
8968	2
8969	7
8970	2
8971	2
8972	7
8973	6
8974	9
8975	7
8976	2
8977	1
8978	6
8979	noise
8980	9
8981	noise
8982	6
8983	8
8984	noise
8985	7
8986	5
8987	2
8988	8
8989	2
8990	noise
8991	7
8992	9
8993	8
8994	7
8995	noise
8996	9
8997	3
8998	4
8999	6
9000	8
9001	7
9002	2
9003	8
9004	8
9005	9
9006	2
9007	6
9008	9
9009	7
9010	2
9011	7
9012	7
9013	4
9014	5
9015	7
9016	noise
9017	7
9018	8
9019	1
9020	4
9021	2
9022	7
9023	7
9024	3
9025	2
9026	2
9027	3
9028	2
9029	9
9030	2
9031	noise
9032	noise
9033	noise
9034	2
9035	9
9036	2
9037	7
9038	6
9039	7
9040	noise
9041	9
9042	3
9043	9
9044	6
9045	8
9046	noise
9047	2
9048	2
9049	4
9050	7
9051	noise
9052	7
9053	7
9054	7
9055	7
9056	2
9057	8
9058	1
9059	8
9060	7
9061	7
9062	2
9063	9
9064	7
9065	5
9066	2
9067	7
9068	7
9069	7
9070	8
9071	noise
9072	7
9073	7
9074	2
9075	7
9076	7
9077	7
9078	8
9079	8
9080	8
9081	7
9082	7
9083	2
9084	noise
9085	5
9086	7
9087	2
9088	2
9089	7
9090	2
9091	2
9092	2
9093	noise
9094	9
9095	2
9096	2
9097	7
9098	noise
9099	3
9100	2
9101	7
9102	8
9103	1
9104	2
9105	2
9106	3
9107	7
9108	2
9109	1
9110	7
9111	2
9112	5
9113	9
9114	8
9115	7
9116	noise
9117	3
9118	1
9119	3
9120	9
9121	7
9122	9
9123	2
9124	8
9125	7
9126	7
9127	7
9128	9
9129	2
9130	2
9131	noise
9132	7
9133	2
9134	7
9135	2
9136	3
9137	7
9138	9
9139	2
9140	2
9141	2
9142	7
9143	9
9144	2
9145	7
9146	4
9147	2
9148	4
9149	7
9150	7
9151	4
9152	2
9153	9
9154	9
9155	8
9156	7
9157	7
9158	9
9159	8
9160	7
9161	6
9162	2
9163	7
9164	2
9165	3
9166	1
9167	9
9168	noise
9169	9
9170	4
9171	8
9172	noise
9173	2
9174	noise
9175	noise
9176	7
9177	7
9178	9
9179	9
9180	7
9181	9
9182	7
9183	3
9184	2
9185	3
9186	8
9187	8
9188	9
9189	noise
9190	9
9191	4
9192	8
9193	2
9194	9
9195	7
9196	9
9197	8
9198	7
9199	noise
9200	7
9201	6
9202	7
9203	7
9204	8
9205	9
9206	7
9207	9
9208	7
9209	noise
9210	9
9211	2
9212	9
9213	2
9214	4
9215	4
9216	9
9217	8
9218	3
9219	2
9220	6
9221	2
9222	7
9223	7
9224	7
9225	2
9226	4
9227	7
9228	7
9229	8
9230	4
9231	7
9232	2
9233	8
9234	9
9235	9
9236	2
9237	8
9238	8
9239	noise
9240	7
9241	4
9242	noise
9243	noise
9244	noise
9245	5
9246	7
9247	9
9248	9
9249	4
9250	8
9251	2
9252	7
9253	4
9254	7
9255	5
9256	9
9257	2
9258	9
9259	3
9260	8
9261	2
9262	9
9263	7
9264	2
9265	7
9266	7
9267	8
9268	4
9269	3
9270	noise
9271	3
9272	7
9273	8
9274	2
9275	2
9276	9
9277	3
9278	7
9279	8
9280	7
9281	8
9282	9
9283	3
9284	noise
9285	1
9286	noise
9287	7
9288	7
9289	6
9290	8
9291	2
9292	4
9293	9
9294	3
9295	2
9296	noise
9297	8
9298	2
9299	9
9300	2
9301	7
9302	9
9303	7
9304	noise
9305	2
9306	noise
9307	7
9308	2
9309	8
9310	7
9311	7
9312	7
9313	2
9314	noise
9315	2
9316	7
9317	9
9318	8
9319	noise
9320	4
9321	2
9322	1
9323	2
9324	9
9325	9
9326	8
9327	7
9328	3
9329	2
9330	8
9331	9
9332	8
9333	4
9334	7
9335	2
9336	7
9337	7
9338	8
9339	7
9340	6
9341	noise
9342	7
9343	2
9344	2
9345	2
9346	noise
9347	8
9348	2
9349	7
9350	1
9351	2
9352	7
9353	8
9354	9
9355	7
9356	4
9357	7
9358	5
9359	7
9360	9
9361	8
9362	9
9363	9
9364	7
9365	2
9366	2
9367	2
9368	noise
9369	noise
9370	7
9371	7
9372	noise
9373	7
9374	2
9375	2
9376	7
9377	2
9378	2
9379	1
9380	7
9381	2
9382	noise
9383	3
9384	3
9385	6
9386	9
9387	2
9388	9
9389	1
9390	3
9391	4
9392	2
9393	7
9394	9
9395	3
9396	2
9397	7
9398	8
9399	7
9400	2
9401	7
9402	2
9403	7
9404	7
9405	noise
9406	2
9407	6
9408	8
9409	4
9410	2
9411	noise
9412	2
9413	2
9414	3
9415	1
9416	7
9417	7
9418	2
9419	7
9420	9
9421	4
9422	noise
9423	9
9424	3
9425	2
9426	8
9427	noise
9428	7
9429	noise
9430	8
9431	7
9432	3
9433	noise
9434	8
9435	9
9436	7
9437	9
9438	noise
9439	7
9440	7
9441	2
9442	1
9443	7
9444	2
9445	2
9446	3
9447	7
9448	2
9449	7
9450	7
9451	2
9452	2
9453	2
9454	2
9455	6
9456	9
9457	2
9458	2
9459	7
9460	2
9461	3
9462	3
9463	7
9464	5
9465	9
9466	8
9467	noise
9468	7
9469	2
9470	7
9471	9
9472	9
9473	7
9474	2
9475	2
9476	3
9477	9
9478	2
9479	7
9480	7
9481	8
9482	4
9483	4
9484	7
9485	2
9486	3
9487	7
9488	2
9489	3
9490	2
9491	1
9492	7
9493	4
9494	8
9495	2
9496	8
9497	5
9498	5
9499	7
9500	7
9501	7
9502	5
9503	3
9504	7
9505	2
9506	7
9507	7
9508	2
9509	3
9510	7
9511	9
9512	9
9513	9
9514	7
9515	1
9516	9
9517	8
9518	2
9519	8
9520	noise
9521	7
9522	7
9523	7
9524	2
9525	9
9526	2
9527	9
9528	7
9529	2
9530	5
9531	2
9532	8
9533	2
9534	4
9535	6
9536	3
9537	2
9538	6
9539	1
9540	8
9541	8
9542	2
9543	3
9544	2
9545	7
9546	8
9547	7
9548	2
9549	noise
9550	2
9551	7
9552	4
9553	6
9554	2
9555	8
9556	3
9557	6
9558	4
9559	7
9560	4
9561	7
9562	7
9563	3
9564	2
9565	6
9566	8
9567	9
9568	7
9569	7
9570	6
9571	2
9572	5
9573	2
9574	9
9575	7
9576	4
9577	2
9578	7
9579	7
9580	4
9581	7
9582	8
9583	5
9584	4
9585	8
9586	7
9587	4
9588	noise
9589	7
9590	7
9591	noise
9592	noise
9593	2
9594	8
9595	5
9596	2
9597	7
9598	noise
9599	2
9600	2
9601	5
9602	noise
9603	9
9604	7
9605	7
9606	7
9607	noise
9608	2
9609	6
9610	7
9611	3
9612	6
9613	5
9614	9
9615	2
9616	2
9617	2
9618	7
9619	7
9620	7
9621	7
9622	4
9623	9
9624	8
9625	4
9626	2
9627	7
9628	5
9629	noise
9630	7
9631	8
9632	9
9633	9
9634	2
9635	7
9636	7
9637	1
9638	9
9639	9
9640	7
9641	7
9642	9
9643	2
9644	8
9645	2
9646	7
9647	noise
9648	2
9649	9
9650	3
9651	7
9652	9
9653	5
9654	2
9655	6
9656	7
9657	7
9658	7
9659	noise
9660	7
9661	3
9662	7
9663	7
9664	4
9665	7
9666	7
9667	2
9668	7
9669	7
9670	2
9671	1
9672	5
9673	noise
9674	7
9675	2
9676	8
9677	noise
9678	1
9679	7
9680	8
9681	2
9682	7
9683	8
9684	2
9685	3
9686	noise
9687	4
9688	5
9689	9
9690	2
9691	9
9692	2
9693	9
9694	7
9695	9
9696	4
9697	2
9698	8
9699	9
9700	8
9701	3
9702	8
9703	7
9704	7
9705	8
9706	5
9707	2
9708	8
9709	2
9710	7
9711	8
9712	noise
9713	2
9714	7
9715	5
9716	2
9717	7
9718	3
9719	5
9720	7
9721	2
9722	2
9723	2
9724	9
9725	3
9726	7
9727	2
9728	3
9729	7
9730	1
9731	9
9732	2
9733	8
9734	3
9735	2
9736	4
9737	2
9738	8
9739	7
9740	7
9741	7
9742	9
9743	6
9744	2
9745	7
9746	4
9747	2
9748	2
9749	2
9750	8
9751	8
9752	9
9753	9
9754	8
9755	2
9756	7
9757	9
9758	4
9759	7
9760	9
9761	2
9762	9
9763	7
9764	noise
9765	2
9766	7
9767	2
9768	2
9769	3
9770	8
9771	9
9772	2
9773	5
9774	7
9775	noise
9776	7
9777	4
9778	9
9779	noise
9780	7
9781	7
9782	2
9783	noise
9784	8
9785	6
9786	noise
9787	8
9788	1
9789	2
9790	3
9791	3
9792	7
9793	2
9794	8
9795	7
9796	2
9797	2
9798	2
9799	6
9800	7
9801	3
9802	7
9803	8
9804	7
9805	7
9806	7
9807	8
9808	8
9809	2
9810	9
9811	3
9812	2
9813	9
9814	2
9815	7
9816	2
9817	7
9818	3
9819	1
9820	9
9821	7
9822	2
9823	7
9824	6
9825	8
9826	4
9827	2
9828	5
9829	noise
9830	noise
9831	2
9832	6
9833	9
9834	8
9835	7
9836	8
9837	2
9838	7
9839	7
9840	8
9841	7
9842	7
9843	7
9844	8
9845	2
9846	2
9847	7
9848	1
9849	noise
9850	2
9851	8
9852	7
9853	5
9854	2
9855	2
9856	7
9857	5
9858	7
9859	5
9860	7
9861	7
9862	2
9863	4
9864	9
9865	3
9866	5
9867	7
9868	2
9869	8
9870	2
9871	9
9872	2
9873	7
9874	2
9875	2
9876	7
9877	7
9878	7
9879	2
9880	2
9881	5
9882	7
9883	noise
9884	8
9885	2
9886	2
9887	7
9888	7
9889	7
9890	7
9891	noise
9892	3
9893	7
9894	7
9895	7
9896	7
9897	8
9898	5
9899	9
9900	4
9901	7
9902	7
9903	3
9904	8
9905	4
9906	5
9907	noise
9908	2
9909	7
9910	9
9911	3
9912	7
9913	7
9914	7
9915	9
9916	6
9917	noise
9918	2
9919	7
9920	2
9921	6
9922	noise
9923	7
9924	2
9925	6
9926	1
9927	9
9928	6
9929	2
9930	noise
9931	5
9932	7
9933	7
9934	noise
9935	7
9936	7
9937	3
9938	7
9939	7
9940	2
9941	6
9942	4
9943	7
9944	4
9945	2
9946	7
9947	2
9948	7
9949	9
9950	7
9951	7
9952	7
9953	7
9954	9
9955	7
9956	7
9957	2
9958	5
9959	4
9960	7
9961	2
9962	noise
9963	7
9964	5
9965	7
9966	7
9967	7
9968	3
9969	5
9970	8
9971	3
9972	7
9973	7
9974	7
9975	2
9976	7
9977	9
9978	7
9979	noise
9980	8
9981	4
9982	7
9983	8
9984	2
9985	6
9986	7
9987	4
9988	9
9989	7
9990	noise
9991	8
9992	7
9993	8
9994	noise
9995	3
9996	7
9997	2
9998	4
9999	2
10000	9
