1	2
2	3
3	5
4	6
5	6
6	2
7	1
8	1
9	2
10	noise
11	2
12	6
13	2
14	2
15	8
16	5
17	1
18	5
19	4
20	8
21	6
22	1
23	3
24	1
25	1
26	6
27	8
28	8
29	1
30	2
31	5
32	1
33	2
34	6
35	2
36	4
37	noise
38	7
39	8
40	2
41	2
42	1
43	1
44	8
45	8
46	6
47	8
48	5
49	6
50	2
51	noise
52	3
53	6
54	3
55	5
56	6
57	4
58	8
59	2
60	2
61	6
62	8
63	noise
64	6
65	5
66	1
67	2
68	8
69	5
70	6
71	noise
72	8
73	2
74	6
75	6
76	5
77	2
78	6
79	4
80	1
81	noise
82	2
83	2
84	5
85	1
86	1
87	1
88	6
89	3
90	8
91	2
92	8
93	2
94	5
95	8
96	7
97	4
98	5
99	4
100	3
101	8
102	1
103	3
104	1
105	6
106	1
107	1
108	8
109	4
110	6
111	2
112	6
113	5
114	8
115	2
116	6
117	6
118	6
119	8
120	2
121	6
122	1
123	8
124	2
125	6
126	2
127	8
128	5
129	6
130	8
131	6
132	1
133	2
134	8
135	1
136	4
137	1
138	4
139	2
140	1
141	1
142	8
143	3
144	8
145	5
146	7
147	2
148	5
149	3
150	5
151	5
152	1
153	8
154	4
155	5
156	3
157	8
158	5
159	noise
160	7
161	2
162	6
163	8
164	5
165	6
166	6
167	2
168	8
169	6
170	6
171	6
172	6
173	noise
174	6
175	6
176	6
177	4
178	6
179	2
180	2
181	noise
182	2
183	1
184	2
185	8
186	5
187	2
188	8
189	5
190	2
191	noise
192	5
193	5
194	5
195	noise
196	6
197	2
198	7
199	6
200	8
201	4
202	noise
203	6
204	8
205	5
206	6
207	5
208	2
209	6
210	noise
211	1
212	8
213	1
214	8
215	2
216	8
217	6
218	4
219	8
220	8
221	8
222	8
223	6
224	2
225	5
226	8
227	6
228	8
229	1
230	2
231	5
232	2
233	3
234	2
235	1
236	5
237	8
238	6
239	7
240	7
241	6
242	8
243	5
244	8
245	5
246	8
247	2
248	6
249	2
250	1
251	1
252	4
253	noise
254	8
255	1
256	8
257	5
258	5
259	7
260	1
261	1
262	1
263	1
264	8
265	4
266	1
267	4
268	6
269	6
270	2
271	8
272	1
273	8
274	4
275	2
276	2
277	8
278	4
279	1
280	6
281	7
282	4
283	1
284	5
285	2
286	2
287	noise
288	2
289	5
290	5
291	7
292	2
293	3
294	noise
295	5
296	2
297	8
298	6
299	1
300	1
301	6
302	8
303	8
304	5
305	4
306	6
307	6
308	6
309	5
310	4
311	5
312	2
313	8
314	1
315	2
316	5
317	noise
318	6
319	5
320	1
321	3
322	2
323	5
324	8
325	8
326	6
327	5
328	8
329	7
330	6
331	1
332	noise
333	5
334	4
335	noise
336	5
337	8
338	1
339	5
340	6
341	1
342	1
343	2
344	2
345	1
346	5
347	5
348	6
349	6
350	8
351	4
352	6
353	5
354	5
355	6
356	7
357	1
358	8
359	5
360	2
361	4
362	6
363	5
364	2
365	5
366	2
367	6
368	8
369	2
370	8
371	8
372	6
373	2
374	5
375	2
376	2
377	6
378	noise
379	5
380	noise
381	5
382	8
383	1
384	noise
385	2
386	6
387	8
388	2
389	6
390	5
391	8
392	2
393	6
394	8
395	2
396	5
397	5
398	5
399	8
400	8
401	8
402	2
403	2
404	2
405	8
406	5
407	1
408	5
409	6
410	2
411	5
412	3
413	5
414	8
415	1
416	5
417	8
418	2
419	6
420	1
421	8
422	8
423	6
424	3
425	8
426	5
427	5
428	2
429	2
430	2
431	noise
432	2
433	7
434	6
435	2
436	4
437	2
438	5
439	2
440	2
441	1
442	1
443	5
444	6
445	8
446	5
447	8
448	5
449	6
450	6
451	2
452	2
453	1
454	5
455	3
456	4
457	1
458	8
459	5
460	4
461	1
462	2
463	5
464	2
465	6
466	8
467	4
468	2
469	8
470	6
471	8
472	4
473	5
474	noise
475	2
476	8
477	2
478	8
479	8
480	8
481	6
482	7
483	5
484	5
485	noise
486	8
487	8
488	noise
489	2
490	8
491	8
492	5
493	4
494	6
495	6
496	noise
497	5
498	1
499	1
500	8
501	noise
502	2
503	1
504	8
505	1
506	1
507	8
508	8
509	1
510	6
511	8
512	8
513	5
514	4
515	2
516	6
517	8
518	2
519	2
520	2
521	6
522	1
523	5
524	8
525	2
526	5
527	8
528	6
529	3
530	5
531	5
532	6
533	8
534	8
535	5
536	2
537	2
538	2
539	2
540	5
541	1
542	8
543	8
544	5
545	2
546	1
547	8
548	2
549	6
550	noise
551	8
552	5
553	5
554	8
555	5
556	2
557	5
558	7
559	3
560	3
561	8
562	1
563	6
564	2
565	1
566	8
567	5
568	8
569	1
570	8
571	6
572	6
573	6
574	2
575	7
576	1
577	noise
578	8
579	8
580	8
581	1
582	5
583	1
584	1
585	8
586	6
587	6
588	2
589	5
590	5
591	6
592	2
593	4
594	5
595	6
596	7
597	1
598	5
599	6
600	1
601	1
602	1
603	5
604	5
605	2
606	8
607	2
608	1
609	1
610	2
611	2
612	5
613	5
614	5
615	1
616	1
617	2
618	8
619	7
620	8
621	8
622	6
623	4
624	6
625	2
626	6
627	6
628	8
629	5
630	1
631	1
632	6
633	6
634	noise
635	6
636	8
637	2
638	1
639	3
640	5
641	2
642	8
643	7
644	1
645	1
646	2
647	8
648	8
649	5
650	8
651	5
652	8
653	3
654	6
655	1
656	2
657	5
658	4
659	2
660	2
661	2
662	5
663	6
664	3
665	5
666	7
667	5
668	8
669	noise
670	5
671	8
672	5
673	6
674	8
675	6
676	2
677	1
678	1
679	8
680	1
681	8
682	8
683	6
684	6
685	6
686	5
687	1
688	noise
689	8
690	6
691	1
692	1
693	8
694	5
695	2
696	8
697	6
698	1
699	8
700	3
701	8
702	5
703	4
704	7
705	8
706	2
707	5
708	8
709	6
710	8
711	1
712	1
713	noise
714	5
715	5
716	8
717	6
718	1
719	1
720	4
721	3
722	1
723	noise
724	8
725	5
726	8
727	6
728	2
729	6
730	3
731	2
732	1
733	2
734	6
735	2
736	noise
737	7
738	3
739	1
740	1
741	1
742	8
743	2
744	6
745	5
746	8
747	2
748	5
749	4
750	8
751	1
752	2
753	8
754	8
755	6
756	6
757	noise
758	5
759	8
760	8
761	6
762	2
763	5
764	8
765	5
766	6
767	6
768	5
769	5
770	6
771	3
772	noise
773	1
774	6
775	2
776	2
777	2
778	5
779	6
780	1
781	1
782	5
783	2
784	8
785	2
786	6
787	8
788	2
789	5
790	6
791	1
792	6
793	1
794	8
795	8
796	2
797	5
798	5
799	8
800	8
801	8
802	2
803	6
804	5
805	2
806	6
807	8
808	6
809	8
810	1
811	6
812	8
813	1
814	8
815	1
816	6
817	2
818	8
819	2
820	6
821	8
822	2
823	2
824	2
825	2
826	5
827	3
828	6
829	5
830	1
831	2
832	2
833	8
834	8
835	noise
836	4
837	2
838	3
839	6
840	6
841	5
842	8
843	5
844	2
845	6
846	1
847	5
848	5
849	5
850	6
851	1
852	8
853	6
854	6
855	5
856	8
857	8
858	6
859	2
860	5
861	2
862	2
863	8
864	4
865	5
866	3
867	5
868	8
869	3
870	4
871	2
872	6
873	6
874	6
875	1
876	5
877	5
878	2
879	7
880	5
881	6
882	5
883	6
884	2
885	5
886	8
887	6
888	8
889	5
890	1
891	1
892	6
893	5
894	6
895	8
896	5
897	5
898	2
899	8
900	1
901	8
902	8
903	noise
904	5
905	5
906	2
907	8
908	8
909	8
910	6
911	4
912	8
913	2
914	8
915	noise
916	1
917	2
918	5
919	7
920	1
921	5
922	5
923	5
924	2
925	6
926	6
927	1
928	5
929	6
930	1
931	6
932	1
933	5
934	8
935	1
936	6
937	2
938	5
939	6
940	7
941	6
942	1
943	6
944	2
945	8
946	6
947	2
948	1
949	2
950	8
951	8
952	2
953	1
954	8
955	6
956	6
957	8
958	6
959	8
960	5
961	2
962	5
963	1
964	6
965	6
966	1
967	6
968	8
969	6
970	6
971	5
972	8
973	6
974	8
975	7
976	5
977	1
978	8
979	5
980	6
981	4
982	8
983	8
984	2
985	8
986	8
987	1
988	4
989	8
990	2
991	8
992	6
993	6
994	8
995	3
996	8
997	6
998	4
999	1
1000	1
1001	8
1002	5
1003	4
1004	6
1005	5
1006	1
1007	4
1008	6
1009	8
1010	6
1011	5
1012	6
1013	noise
1014	2
1015	1
1016	1
1017	6
1018	6
1019	6
1020	5
1021	5
1022	1
1023	8
1024	1
1025	6
1026	5
1027	8
1028	5
1029	4
1030	6
1031	4
1032	3
1033	7
1034	5
1035	6
1036	5
1037	2
1038	8
1039	8
1040	noise
1041	2
1042	2
1043	8
1044	3
1045	6
1046	2
1047	1
1048	7
1049	6
1050	1
1051	6
1052	1
1053	2
1054	6
1055	8
1056	6
1057	5
1058	6
1059	8
1060	8
1061	1
1062	2
1063	8
1064	2
1065	1
1066	3
1067	5
1068	6
1069	1
1070	2
1071	5
1072	5
1073	5
1074	5
1075	5
1076	6
1077	1
1078	8
1079	4
1080	6
1081	6
1082	2
1083	1
1084	4
1085	8
1086	8
1087	4
1088	2
1089	1
1090	2
1091	1
1092	8
1093	5
1094	8
1095	5
1096	8
1097	5
1098	8
1099	8
1100	1
1101	8
1102	4
1103	2
1104	6
1105	4
1106	1
1107	8
1108	noise
1109	2
1110	6
1111	1
1112	8
1113	6
1114	5
1115	6
1116	8
1117	6
1118	1
1119	2
1120	noise
1121	2
1122	8
1123	6
1124	1
1125	6
1126	1
1127	6
1128	8
1129	8
1130	6
1131	2
1132	1
1133	5
1134	5
1135	8
1136	noise
1137	1
1138	5
1139	3
1140	2
1141	5
1142	noise
1143	8
1144	6
1145	1
1146	6
1147	6
1148	6
1149	6
1150	2
1151	6
1152	8
1153	5
1154	5
1155	5
1156	8
1157	1
1158	8
1159	2
1160	8
1161	5
1162	5
1163	5
1164	4
1165	1
1166	5
1167	5
1168	2
1169	2
1170	8
1171	1
1172	8
1173	1
1174	1
1175	6
1176	7
1177	1
1178	8
1179	6
1180	5
1181	6
1182	6
1183	5
1184	noise
1185	5
1186	6
1187	6
1188	2
1189	1
1190	5
1191	7
1192	4
1193	5
1194	5
1195	5
1196	6
1197	2
1198	6
1199	5
1200	2
1201	2
1202	1
1203	6
1204	5
1205	8
1206	5
1207	8
1208	noise
1209	8
1210	8
1211	1
1212	1
1213	8
1214	1
1215	noise
1216	2
1217	2
1218	5
1219	2
1220	1
1221	8
1222	5
1223	5
1224	5
1225	2
1226	3
1227	6
1228	2
1229	8
1230	5
1231	8
1232	8
1233	1
1234	1
1235	1
1236	2
1237	8
1238	1
1239	2
1240	noise
1241	8
1242	6
1243	2
1244	6
1245	2
1246	1
1247	6
1248	2
1249	2
1250	6
1251	1
1252	6
1253	6
1254	2
1255	1
1256	1
1257	6
1258	2
1259	1
1260	4
1261	noise
1262	8
1263	3
1264	6
1265	6
1266	3
1267	5
1268	8
1269	6
1270	7
1271	noise
1272	1
1273	5
1274	8
1275	2
1276	2
1277	1
1278	2
1279	5
1280	8
1281	5
1282	1
1283	8
1284	8
1285	5
1286	noise
1287	2
1288	2
1289	4
1290	noise
1291	2
1292	2
1293	1
1294	8
1295	6
1296	4
1297	5
1298	5
1299	2
1300	1
1301	8
1302	5
1303	2
1304	5
1305	2
1306	5
1307	6
1308	5
1309	6
1310	8
1311	8
1312	2
1313	8
1314	6
1315	2
1316	5
1317	4
1318	1
1319	2
1320	6
1321	8
1322	6
1323	6
1324	2
1325	2
1326	2
1327	8
1328	2
1329	8
1330	2
1331	8
1332	5
1333	6
1334	6
1335	8
1336	8
1337	5
1338	6
1339	8
1340	1
1341	1
1342	1
1343	noise
1344	1
1345	2
1346	8
1347	5
1348	8
1349	2
1350	1
1351	5
1352	5
1353	5
1354	5
1355	4
1356	1
1357	8
1358	5
1359	6
1360	2
1361	5
1362	2
1363	2
1364	5
1365	5
1366	5
1367	6
1368	1
1369	2
1370	5
1371	8
1372	6
1373	5
1374	8
1375	8
1376	1
1377	5
1378	8
1379	8
1380	4
1381	7
1382	8
1383	8
1384	8
1385	2
1386	8
1387	5
1388	1
1389	2
1390	1
1391	noise
1392	1
1393	5
1394	7
1395	5
1396	1
1397	8
1398	noise
1399	8
1400	6
1401	5
1402	1
1403	6
1404	6
1405	8
1406	1
1407	1
1408	5
1409	2
1410	7
1411	8
1412	6
1413	6
1414	6
1415	6
1416	2
1417	6
1418	2
1419	1
1420	6
1421	5
1422	8
1423	6
1424	2
1425	6
1426	2
1427	2
1428	6
1429	5
1430	1
1431	2
1432	2
1433	2
1434	5
1435	1
1436	8
1437	8
1438	noise
1439	6
1440	7
1441	6
1442	2
1443	6
1444	2
1445	noise
1446	5
1447	1
1448	2
1449	2
1450	8
1451	2
1452	2
1453	1
1454	2
1455	8
1456	8
1457	8
1458	5
1459	noise
1460	3
1461	2
1462	1
1463	6
1464	8
1465	6
1466	1
1467	noise
1468	8
1469	1
1470	8
1471	2
1472	2
1473	1
1474	5
1475	6
1476	5
1477	1
1478	8
1479	2
1480	4
1481	5
1482	5
1483	5
1484	7
1485	6
1486	5
1487	5
1488	2
1489	6
1490	6
1491	2
1492	4
1493	6
1494	1
1495	8
1496	1
1497	noise
1498	5
1499	5
1500	noise
1501	6
1502	1
1503	5
1504	8
1505	8
1506	5
1507	6
1508	2
1509	5
1510	5
1511	6
1512	8
1513	5
1514	8
1515	noise
1516	2
1517	4
1518	6
1519	5
1520	6
1521	2
1522	8
1523	6
1524	1
1525	5
1526	6
1527	8
1528	8
1529	1
1530	8
1531	6
1532	1
1533	5
1534	noise
1535	4
1536	7
1537	5
1538	2
1539	8
1540	5
1541	2
1542	2
1543	2
1544	1
1545	1
1546	5
1547	1
1548	2
1549	2
1550	8
1551	6
1552	6
1553	5
1554	4
1555	5
1556	1
1557	8
1558	1
1559	6
1560	5
1561	3
1562	8
1563	6
1564	4
1565	6
1566	5
1567	1
1568	5
1569	8
1570	8
1571	8
1572	8
1573	2
1574	2
1575	5
1576	2
1577	8
1578	6
1579	8
1580	2
1581	5
1582	5
1583	5
1584	5
1585	7
1586	1
1587	6
1588	2
1589	3
1590	5
1591	1
1592	2
1593	8
1594	6
1595	8
1596	5
1597	6
1598	2
1599	2
1600	2
1601	7
1602	8
1603	4
1604	6
1605	6
1606	8
1607	6
1608	1
1609	6
1610	2
1611	4
1612	2
1613	5
1614	2
1615	1
1616	6
1617	4
1618	2
1619	6
1620	2
1621	5
1622	2
1623	6
1624	noise
1625	1
1626	5
1627	2
1628	6
1629	6
1630	5
1631	5
1632	6
1633	5
1634	1
1635	1
1636	1
1637	6
1638	6
1639	8
1640	6
1641	4
1642	3
1643	2
1644	2
1645	2
1646	3
1647	5
1648	2
1649	5
1650	8
1651	8
1652	8
1653	6
1654	1
1655	8
1656	6
1657	1
1658	5
1659	8
1660	7
1661	1
1662	8
1663	5
1664	6
1665	8
1666	3
1667	noise
1668	2
1669	6
1670	2
1671	noise
1672	5
1673	2
1674	5
1675	5
1676	8
1677	5
1678	1
1679	1
1680	8
1681	7
1682	1
1683	5
1684	3
1685	4
1686	2
1687	6
1688	5
1689	2
1690	noise
1691	noise
1692	6
1693	2
1694	6
1695	8
1696	1
1697	6
1698	8
1699	4
1700	6
1701	8
1702	5
1703	8
1704	noise
1705	6
1706	8
1707	8
1708	1
1709	5
1710	8
1711	8
1712	2
1713	8
1714	6
1715	noise
1716	1
1717	4
1718	8
1719	2
1720	1
1721	6
1722	2
1723	2
1724	8
1725	5
1726	5
1727	3
1728	1
1729	6
1730	5
1731	5
1732	5
1733	2
1734	1
1735	2
1736	2
1737	5
1738	5
1739	2
1740	8
1741	6
1742	5
1743	2
1744	1
1745	noise
1746	2
1747	6
1748	7
1749	5
1750	2
1751	2
1752	2
1753	8
1754	2
1755	5
1756	5
1757	1
1758	5
1759	5
1760	6
1761	6
1762	8
1763	4
1764	8
1765	5
1766	8
1767	6
1768	2
1769	2
1770	2
1771	8
1772	6
1773	1
1774	6
1775	1
1776	5
1777	2
1778	5
1779	2
1780	1
1781	4
1782	8
1783	5
1784	8
1785	1
1786	6
1787	6
1788	8
1789	4
1790	1
1791	6
1792	1
1793	5
1794	1
1795	2
1796	5
1797	5
1798	5
1799	5
1800	2
1801	8
1802	2
1803	2
1804	noise
1805	1
1806	1
1807	2
1808	8
1809	5
1810	5
1811	1
1812	2
1813	2
1814	8
1815	1
1816	4
1817	noise
1818	1
1819	5
1820	2
1821	6
1822	6
1823	2
1824	5
1825	1
1826	8
1827	5
1828	6
1829	8
1830	6
1831	2
1832	noise
1833	1
1834	8
1835	6
1836	2
1837	2
1838	4
1839	2
1840	5
1841	8
1842	6
1843	7
1844	2
1845	8
1846	5
1847	5
1848	8
1849	5
1850	5
1851	1
1852	1
1853	5
1854	5
1855	1
1856	6
1857	6
1858	6
1859	8
1860	8
1861	5
1862	6
1863	2
1864	6
1865	6
1866	1
1867	8
1868	1
1869	8
1870	8
1871	6
1872	2
1873	4
1874	6
1875	8
1876	1
1877	5
1878	5
1879	5
1880	5
1881	2
1882	4
1883	1
1884	2
1885	6
1886	3
1887	6
1888	6
1889	6
1890	5
1891	2
1892	6
1893	4
1894	6
1895	5
1896	8
1897	1
1898	2
1899	2
1900	1
1901	8
1902	5
1903	5
1904	noise
1905	8
1906	2
1907	6
1908	6
1909	noise
1910	2
1911	5
1912	3
1913	1
1914	5
1915	8
1916	4
1917	8
1918	6
1919	8
1920	8
1921	8
1922	2
1923	2
1924	noise
1925	8
1926	8
1927	2
1928	8
1929	2
1930	6
1931	8
1932	6
1933	8
1934	5
1935	3
1936	4
1937	2
1938	6
1939	6
1940	5
1941	2
1942	8
1943	8
1944	1
1945	2
1946	6
1947	5
1948	5
1949	1
1950	8
1951	1
1952	6
1953	8
1954	4
1955	5
1956	8
1957	6
1958	8
1959	5
1960	5
1961	2
1962	6
1963	6
1964	2
1965	8
1966	5
1967	1
1968	2
1969	5
1970	6
1971	2
1972	6
1973	1
1974	6
1975	6
1976	6
1977	2
1978	8
1979	8
1980	4
1981	2
1982	1
1983	4
1984	1
1985	5
1986	4
1987	1
1988	2
1989	2
1990	5
1991	2
1992	2
1993	2
1994	6
1995	6
1996	6
1997	6
1998	2
1999	2
2000	8
2001	1
2002	8
2003	7
2004	2
2005	6
2006	8
2007	6
2008	7
2009	2
2010	6
2011	8
2012	5
2013	1
2014	2
2015	6
2016	8
2017	6
2018	1
2019	4
2020	noise
2021	8
2022	2
2023	5
2024	5
2025	6
2026	7
2027	1
2028	5
2029	7
2030	3
2031	8
2032	6
2033	noise
2034	8
2035	1
2036	2
2037	2
2038	6
2039	5
2040	1
2041	6
2042	2
2043	8
2044	1
2045	8
2046	2
2047	2
2048	noise
2049	4
2050	5
2051	2
2052	2
2053	5
2054	2
2055	7
2056	1
2057	5
2058	8
2059	5
2060	2
2061	2
2062	5
2063	5
2064	8
2065	3
2066	2
2067	2
2068	5
2069	6
2070	2
2071	2
2072	2
2073	1
2074	6
2075	8
2076	1
2077	4
2078	1
2079	8
2080	8
2081	8
2082	5
2083	8
2084	6
2085	6
2086	1
2087	2
2088	5
2089	8
2090	2
2091	2
2092	4
2093	6
2094	5
2095	6
2096	8
2097	noise
2098	5
2099	5
2100	6
2101	5
2102	8
2103	noise
2104	1
2105	1
2106	6
2107	1
2108	7
2109	5
2110	8
2111	5
2112	6
2113	noise
2114	5
2115	6
2116	1
2117	6
2118	1
2119	5
2120	8
2121	1
2122	8
2123	4
2124	5
2125	1
2126	4
2127	5
2128	1
2129	6
2130	7
2131	4
2132	7
2133	4
2134	2
2135	4
2136	1
2137	1
2138	8
2139	6
2140	6
2141	6
2142	noise
2143	6
2144	2
2145	8
2146	7
2147	6
2148	1
2149	2
2150	8
2151	6
2152	5
2153	1
2154	8
2155	7
2156	3
2157	6
2158	2
2159	1
2160	8
2161	6
2162	5
2163	8
2164	6
2165	2
2166	1
2167	1
2168	6
2169	8
2170	8
2171	2
2172	5
2173	8
2174	8
2175	1
2176	4
2177	7
2178	8
2179	5
2180	6
2181	1
2182	8
2183	4
2184	6
2185	6
2186	8
2187	6
2188	8
2189	3
2190	2
2191	8
2192	2
2193	6
2194	6
2195	6
2196	5
2197	1
2198	1
2199	6
2200	5
2201	1
2202	3
2203	5
2204	6
2205	noise
2206	1
2207	noise
2208	2
2209	8
2210	5
2211	8
2212	2
2213	5
2214	6
2215	8
2216	5
2217	8
2218	1
2219	5
2220	5
2221	1
2222	2
2223	3
2224	5
2225	6
2226	5
2227	8
2228	2
2229	7
2230	6
2231	3
2232	6
2233	4
2234	6
2235	8
2236	1
2237	8
2238	8
2239	6
2240	1
2241	noise
2242	6
2243	5
2244	8
2245	2
2246	5
2247	2
2248	8
2249	1
2250	6
2251	6
2252	5
2253	4
2254	8
2255	2
2256	2
2257	8
2258	8
2259	8
2260	5
2261	1
2262	2
2263	5
2264	1
2265	8
2266	2
2267	8
2268	8
2269	1
2270	1
2271	6
2272	5
2273	1
2274	2
2275	6
2276	1
2277	6
2278	6
2279	6
2280	8
2281	6
2282	8
2283	7
2284	noise
2285	8
2286	1
2287	8
2288	6
2289	5
2290	5
2291	5
2292	2
2293	8
2294	8
2295	3
2296	8
2297	5
2298	2
2299	1
2300	1
2301	2
2302	5
2303	noise
2304	6
2305	8
2306	5
2307	7
2308	1
2309	5
2310	noise
2311	1
2312	2
2313	8
2314	5
2315	5
2316	8
2317	6
2318	8
2319	2
2320	1
2321	2
2322	5
2323	1
2324	6
2325	4
2326	1
2327	5
2328	6
2329	5
2330	5
2331	8
2332	6
2333	8
2334	1
2335	4
2336	6
2337	noise
2338	1
2339	6
2340	6
2341	3
2342	8
2343	8
2344	8
2345	4
2346	6
2347	noise
2348	8
2349	1
2350	1
2351	7
2352	6
2353	8
2354	5
2355	8
2356	5
2357	5
2358	8
2359	5
2360	2
2361	6
2362	6
2363	1
2364	8
2365	6
2366	8
2367	2
2368	1
2369	2
2370	2
2371	8
2372	3
2373	7
2374	2
2375	2
2376	5
2377	8
2378	5
2379	6
2380	8
2381	2
2382	5
2383	2
2384	2
2385	2
2386	1
2387	6
2388	6
2389	8
2390	2
2391	2
2392	7
2393	6
2394	8
2395	6
2396	8
2397	8
2398	1
2399	5
2400	1
2401	noise
2402	2
2403	2
2404	5
2405	4
2406	2
2407	1
2408	8
2409	6
2410	5
2411	6
2412	5
2413	5
2414	5
2415	2
2416	5
2417	8
2418	8
2419	noise
2420	8
2421	8
2422	8
2423	noise
2424	2
2425	2
2426	2
2427	4
2428	6
2429	2
2430	2
2431	6
2432	5
2433	6
2434	5
2435	1
2436	1
2437	8
2438	2
2439	8
2440	5
2441	4
2442	5
2443	5
2444	6
2445	2
2446	2
2447	1
2448	6
2449	2
2450	2
2451	8
2452	8
2453	6
2454	2
2455	2
2456	5
2457	8
2458	6
2459	2
2460	5
2461	7
2462	8
2463	6
2464	1
2465	5
2466	2
2467	7
2468	5
2469	1
2470	8
2471	6
2472	8
2473	2
2474	6
2475	8
2476	6
2477	6
2478	2
2479	8
2480	noise
2481	2
2482	5
2483	5
2484	1
2485	6
2486	8
2487	2
2488	8
2489	2
2490	8
2491	8
2492	6
2493	2
2494	1
2495	6
2496	4
2497	2
2498	4
2499	6
2500	8
2501	6
2502	8
2503	2
2504	8
2505	8
2506	8
2507	2
2508	3
2509	2
2510	8
2511	noise
2512	1
2513	1
2514	2
2515	1
2516	6
2517	5
2518	8
2519	8
2520	2
2521	2
2522	5
2523	5
2524	8
2525	8
2526	6
2527	5
2528	8
2529	6
2530	4
2531	2
2532	6
2533	6
2534	2
2535	6
2536	8
2537	8
2538	2
2539	3
2540	2
2541	4
2542	6
2543	5
2544	noise
2545	2
2546	noise
2547	6
2548	1
2549	6
2550	4
2551	6
2552	2
2553	8
2554	3
2555	8
2556	6
2557	8
2558	1
2559	8
2560	2
2561	5
2562	4
2563	5
2564	5
2565	7
2566	1
2567	6
2568	6
2569	3
2570	7
2571	noise
2572	6
2573	6
2574	6
2575	8
2576	4
2577	2
2578	1
2579	2
2580	6
2581	5
2582	8
2583	5
2584	6
2585	6
2586	6
2587	8
2588	2
2589	8
2590	5
2591	1
2592	2
2593	8
2594	8
2595	2
2596	2
2597	8
2598	6
2599	2
2600	2
2601	5
2602	6
2603	4
2604	8
2605	6
2606	6
2607	2
2608	6
2609	1
2610	8
2611	6
2612	2
2613	2
2614	4
2615	8
2616	6
2617	6
2618	6
2619	3
2620	2
2621	3
2622	1
2623	2
2624	6
2625	8
2626	4
2627	6
2628	8
2629	6
2630	7
2631	1
2632	1
2633	1
2634	8
2635	4
2636	8
2637	1
2638	5
2639	6
2640	1
2641	5
2642	5
2643	8
2644	8
2645	6
2646	6
2647	2
2648	8
2649	6
2650	1
2651	5
2652	2
2653	5
2654	3
2655	7
2656	1
2657	8
2658	5
2659	1
2660	2
2661	2
2662	5
2663	6
2664	6
2665	8
2666	8
2667	6
2668	2
2669	1
2670	8
2671	1
2672	1
2673	2
2674	5
2675	6
2676	5
2677	6
2678	8
2679	6
2680	1
2681	1
2682	1
2683	5
2684	6
2685	1
2686	6
2687	2
2688	6
2689	2
2690	8
2691	4
2692	2
2693	5
2694	8
2695	6
2696	noise
2697	2
2698	1
2699	6
2700	8
2701	2
2702	8
2703	5
2704	6
2705	5
2706	1
2707	8
2708	4
2709	8
2710	1
2711	4
2712	2
2713	1
2714	2
2715	8
2716	8
2717	6
2718	6
2719	2
2720	6
2721	6
2722	6
2723	8
2724	1
2725	6
2726	noise
2727	6
2728	7
2729	8
2730	4
2731	6
2732	5
2733	8
2734	5
2735	2
2736	8
2737	8
2738	5
2739	5
2740	8
2741	1
2742	8
2743	2
2744	6
2745	6
2746	8
2747	5
2748	5
2749	6
2750	8
2751	8
2752	8
2753	3
2754	8
2755	5
2756	4
2757	5
2758	6
2759	2
2760	8
2761	1
2762	8
2763	6
2764	8
2765	5
2766	1
2767	1
2768	5
2769	2
2770	8
2771	5
2772	1
2773	6
2774	8
2775	5
2776	2
2777	6
2778	2
2779	8
2780	2
2781	2
2782	2
2783	1
2784	6
2785	8
2786	2
2787	1
2788	5
2789	1
2790	7
2791	noise
2792	7
2793	5
2794	noise
2795	5
2796	1
2797	1
2798	4
2799	1
2800	5
2801	6
2802	5
2803	6
2804	8
2805	2
2806	6
2807	5
2808	3
2809	2
2810	5
2811	noise
2812	5
2813	1
2814	2
2815	8
2816	8
2817	6
2818	6
2819	4
2820	1
2821	5
2822	2
2823	8
2824	1
2825	8
2826	2
2827	8
2828	6
2829	noise
2830	noise
2831	6
2832	8
2833	noise
2834	5
2835	5
2836	7
2837	1
2838	4
2839	6
2840	1
2841	8
2842	1
2843	5
2844	7
2845	5
2846	8
2847	6
2848	1
2849	6
2850	1
2851	2
2852	2
2853	1
2854	2
2855	8
2856	7
2857	5
2858	8
2859	2
2860	6
2861	2
2862	6
2863	2
2864	8
2865	8
2866	8
2867	4
2868	8
2869	1
2870	7
2871	5
2872	2
2873	6
2874	8
2875	2
2876	5
2877	2
2878	2
2879	3
2880	8
2881	6
2882	1
2883	5
2884	6
2885	5
2886	7
2887	3
2888	6
2889	6
2890	2
2891	6
2892	1
2893	2
2894	6
2895	2
2896	2
2897	7
2898	8
2899	5
2900	8
2901	6
2902	2
2903	noise
2904	8
2905	8
2906	5
2907	4
2908	6
2909	2
2910	6
2911	3
2912	5
2913	2
2914	2
2915	2
2916	6
2917	5
2918	6
2919	1
2920	2
2921	2
2922	8
2923	1
2924	5
2925	6
2926	8
2927	8
2928	6
2929	1
2930	4
2931	2
2932	1
2933	8
2934	1
2935	8
2936	5
2937	8
2938	2
2939	2
2940	5
2941	8
2942	5
2943	8
2944	1
2945	1
2946	1
2947	1
2948	5
2949	2
2950	5
2951	6
2952	6
2953	2
2954	5
2955	8
2956	5
2957	6
2958	2
2959	2
2960	8
2961	8
2962	2
2963	6
2964	5
2965	2
2966	2
2967	8
2968	5
2969	2
2970	7
2971	8
2972	7
2973	8
2974	1
2975	2
2976	7
2977	1
2978	6
2979	1
2980	1
2981	8
2982	6
2983	4
2984	2
2985	2
2986	2
2987	5
2988	6
2989	1
2990	8
2991	5
2992	6
2993	2
2994	1
2995	1
2996	8
2997	5
2998	1
2999	5
3000	6
3001	2
3002	8
3003	5
3004	1
3005	1
3006	5
3007	noise
3008	1
3009	6
3010	2
3011	6
3012	2
3013	1
3014	1
3015	8
3016	5
3017	5
3018	4
3019	1
3020	1
3021	8
3022	8
3023	5
3024	2
3025	2
3026	2
3027	1
3028	1
3029	2
3030	6
3031	6
3032	noise
3033	5
3034	2
3035	5
3036	8
3037	1
3038	6
3039	5
3040	6
3041	4
3042	4
3043	3
3044	8
3045	8
3046	6
3047	6
3048	8
3049	8
3050	6
3051	2
3052	6
3053	6
3054	2
3055	5
3056	2
3057	2
3058	1
3059	5
3060	2
3061	6
3062	5
3063	2
3064	5
3065	8
3066	noise
3067	2
3068	8
3069	2
3070	2
3071	8
3072	5
3073	5
3074	2
3075	7
3076	6
3077	5
3078	1
3079	5
3080	5
3081	6
3082	4
3083	8
3084	1
3085	4
3086	1
3087	2
3088	1
3089	8
3090	6
3091	8
3092	2
3093	5
3094	5
3095	5
3096	1
3097	5
3098	8
3099	8
3100	6
3101	2
3102	5
3103	5
3104	7
3105	5
3106	2
3107	8
3108	5
3109	2
3110	1
3111	5
3112	2
3113	4
3114	2
3115	1
3116	2
3117	2
3118	6
3119	8
3120	noise
3121	1
3122	noise
3123	7
3124	5
3125	6
3126	1
3127	8
3128	1
3129	8
3130	8
3131	5
3132	2
3133	1
3134	8
3135	6
3136	5
3137	5
3138	8
3139	2
3140	5
3141	1
3142	2
3143	2
3144	5
3145	6
3146	6
3147	5
3148	8
3149	6
3150	1
3151	1
3152	8
3153	2
3154	6
3155	8
3156	2
3157	noise
3158	6
3159	2
3160	8
3161	2
3162	1
3163	2
3164	5
3165	2
3166	2
3167	5
3168	2
3169	noise
3170	2
3171	8
3172	8
3173	6
3174	8
3175	2
3176	8
3177	8
3178	8
3179	3
3180	8
3181	8
3182	2
3183	5
3184	8
3185	6
3186	5
3187	noise
3188	5
3189	5
3190	5
3191	2
3192	8
3193	1
3194	8
3195	8
3196	1
3197	noise
3198	noise
3199	2
3200	5
3201	1
3202	1
3203	2
3204	2
3205	2
3206	6
3207	2
3208	1
3209	6
3210	2
3211	6
3212	8
3213	2
3214	noise
3215	2
3216	2
3217	8
3218	8
3219	5
3220	1
3221	1
3222	1
3223	8
3224	1
3225	8
3226	6
3227	6
3228	1
3229	6
3230	6
3231	8
3232	5
3233	8
3234	5
3235	6
3236	8
3237	5
3238	1
3239	6
3240	8
3241	2
3242	5
3243	6
3244	5
3245	1
3246	5
3247	1
3248	1
3249	2
3250	5
3251	6
3252	5
3253	2
3254	6
3255	8
3256	6
3257	8
3258	2
3259	8
3260	3
3261	8
3262	1
3263	2
3264	5
3265	8
3266	7
3267	6
3268	4
3269	7
3270	2
3271	6
3272	8
3273	8
3274	1
3275	1
3276	6
3277	5
3278	8
3279	5
3280	1
3281	2
3282	6
3283	5
3284	noise
3285	8
3286	7
3287	8
3288	1
3289	5
3290	6
3291	6
3292	8
3293	noise
3294	noise
3295	8
3296	2
3297	8
3298	5
3299	4
3300	3
3301	8
3302	6
3303	1
3304	6
3305	1
3306	5
3307	1
3308	8
3309	8
3310	2
3311	5
3312	5
3313	1
3314	5
3315	1
3316	8
3317	1
3318	3
3319	1
3320	8
3321	8
3322	1
3323	8
3324	2
3325	6
3326	noise
3327	8
3328	8
3329	6
3330	1
3331	2
3332	6
3333	8
3334	6
3335	1
3336	8
3337	2
3338	8
3339	1
3340	2
3341	8
3342	8
3343	4
3344	2
3345	1
3346	6
3347	2
3348	4
3349	2
3350	8
3351	6
3352	1
3353	2
3354	5
3355	1
3356	8
3357	8
3358	5
3359	5
3360	1
3361	8
3362	5
3363	7
3364	2
3365	5
3366	5
3367	2
3368	2
3369	8
3370	7
3371	3
3372	2
3373	6
3374	8
3375	6
3376	2
3377	8
3378	2
3379	6
3380	6
3381	5
3382	2
3383	8
3384	8
3385	6
3386	8
3387	6
3388	1
3389	6
3390	4
3391	2
3392	5
3393	5
3394	5
3395	noise
3396	5
3397	2
3398	1
3399	6
3400	1
3401	5
3402	5
3403	5
3404	1
3405	5
3406	5
3407	5
3408	2
3409	5
3410	4
3411	4
3412	1
3413	noise
3414	6
3415	8
3416	7
3417	4
3418	6
3419	1
3420	6
3421	5
3422	6
3423	7
3424	2
3425	8
3426	6
3427	5
3428	1
3429	1
3430	5
3431	5
3432	1
3433	4
3434	6
3435	8
3436	1
3437	noise
3438	2
3439	5
3440	6
3441	8
3442	5
3443	6
3444	5
3445	1
3446	2
3447	5
3448	5
3449	1
3450	5
3451	2
3452	1
3453	1
3454	noise
3455	5
3456	4
3457	5
3458	1
3459	8
3460	2
3461	3
3462	6
3463	1
3464	8
3465	8
3466	2
3467	8
3468	5
3469	5
3470	1
3471	2
3472	noise
3473	2
3474	8
3475	6
3476	6
3477	5
3478	6
3479	1
3480	8
3481	2
3482	8
3483	8
3484	2
3485	6
3486	5
3487	7
3488	3
3489	5
3490	5
3491	5
3492	8
3493	6
3494	5
3495	6
3496	1
3497	1
3498	8
3499	8
3500	2
3501	2
3502	5
3503	6
3504	noise
3505	8
3506	5
3507	2
3508	5
3509	5
3510	5
3511	2
3512	2
3513	5
3514	5
3515	6
3516	2
3517	8
3518	4
3519	8
3520	4
3521	2
3522	8
3523	2
3524	8
3525	1
3526	2
3527	6
3528	1
3529	5
3530	2
3531	7
3532	6
3533	8
3534	2
3535	2
3536	7
3537	6
3538	6
3539	6
3540	2
3541	4
3542	6
3543	8
3544	8
3545	6
3546	8
3547	2
3548	8
3549	2
3550	6
3551	2
3552	8
3553	1
3554	1
3555	8
3556	3
3557	8
3558	6
3559	5
3560	2
3561	4
3562	8
3563	1
3564	2
3565	6
3566	6
3567	2
3568	2
3569	8
3570	4
3571	2
3572	1
3573	1
3574	1
3575	8
3576	5
3577	2
3578	3
3579	5
3580	6
3581	2
3582	6
3583	2
3584	5
3585	8
3586	2
3587	2
3588	1
3589	2
3590	1
3591	2
3592	6
3593	8
3594	noise
3595	8
3596	6
3597	6
3598	7
3599	3
3600	1
3601	5
3602	6
3603	noise
3604	1
3605	5
3606	8
3607	5
3608	2
3609	2
3610	8
3611	2
3612	4
3613	1
3614	5
3615	1
3616	6
3617	1
3618	8
3619	5
3620	8
3621	1
3622	7
3623	5
3624	4
3625	2
3626	6
3627	8
3628	2
3629	8
3630	4
3631	1
3632	6
3633	8
3634	5
3635	6
3636	6
3637	1
3638	2
3639	1
3640	2
3641	5
3642	5
3643	8
3644	8
3645	2
3646	1
3647	8
3648	6
3649	6
3650	8
3651	5
3652	5
3653	2
3654	5
3655	5
3656	6
3657	8
3658	5
3659	5
3660	5
3661	8
3662	6
3663	2
3664	5
3665	2
3666	5
3667	5
3668	8
3669	6
3670	1
3671	8
3672	6
3673	8
3674	7
3675	2
3676	2
3677	6
3678	5
3679	8
3680	1
3681	8
3682	6
3683	2
3684	2
3685	7
3686	2
3687	8
3688	2
3689	6
3690	1
3691	5
3692	6
3693	6
3694	2
3695	6
3696	2
3697	2
3698	6
3699	5
3700	5
3701	5
3702	8
3703	2
3704	2
3705	2
3706	1
3707	2
3708	5
3709	1
3710	8
3711	6
3712	1
3713	2
3714	1
3715	1
3716	8
3717	2
3718	6
3719	2
3720	5
3721	8
3722	3
3723	2
3724	5
3725	1
3726	2
3727	8
3728	1
3729	6
3730	2
3731	8
3732	6
3733	1
3734	6
3735	1
3736	noise
3737	6
3738	6
3739	4
3740	8
3741	2
3742	1
3743	6
3744	5
3745	1
3746	5
3747	5
3748	5
3749	8
3750	1
3751	5
3752	5
3753	6
3754	2
3755	6
3756	6
3757	6
3758	2
3759	2
3760	8
3761	1
3762	7
3763	5
3764	8
3765	8
3766	6
3767	noise
3768	2
3769	6
3770	4
3771	4
3772	5
3773	1
3774	5
3775	2
3776	1
3777	8
3778	5
3779	8
3780	8
3781	2
3782	8
3783	6
3784	5
3785	5
3786	4
3787	8
3788	5
3789	6
3790	5
3791	1
3792	5
3793	8
3794	2
3795	5
3796	2
3797	5
3798	6
3799	3
3800	8
3801	5
3802	6
3803	noise
3804	8
3805	5
3806	2
3807	5
3808	6
3809	5
3810	1
3811	5
3812	5
3813	1
3814	1
3815	2
3816	6
3817	2
3818	4
3819	5
3820	5
3821	5
3822	8
3823	2
3824	noise
3825	3
3826	6
3827	8
3828	8
3829	5
3830	1
3831	7
3832	5
3833	6
3834	1
3835	noise
3836	1
3837	noise
3838	6
3839	1
3840	4
3841	6
3842	3
3843	noise
3844	1
3845	8
3846	5
3847	2
3848	5
3849	5
3850	7
3851	1
3852	8
3853	5
3854	2
3855	8
3856	1
3857	2
3858	5
3859	4
3860	8
3861	6
3862	2
3863	2
3864	8
3865	noise
3866	2
3867	5
3868	6
3869	5
3870	2
3871	8
3872	6
3873	2
3874	2
3875	5
3876	6
3877	8
3878	5
3879	8
3880	5
3881	7
3882	4
3883	5
3884	5
3885	2
3886	8
3887	8
3888	3
3889	6
3890	5
3891	3
3892	5
3893	8
3894	1
3895	5
3896	5
3897	3
3898	2
3899	6
3900	5
3901	6
3902	5
3903	2
3904	5
3905	2
3906	8
3907	noise
3908	1
3909	6
3910	6
3911	2
3912	6
3913	6
3914	5
3915	8
3916	noise
3917	5
3918	6
3919	6
3920	6
3921	6
3922	6
3923	4
3924	1
3925	2
3926	8
3927	3
3928	2
3929	noise
3930	4
3931	5
3932	6
3933	6
3934	8
3935	1
3936	2
3937	8
3938	6
3939	4
3940	6
3941	8
3942	8
3943	6
3944	7
3945	6
3946	6
3947	5
3948	8
3949	6
3950	noise
3951	7
3952	2
3953	1
3954	5
3955	6
3956	1
3957	2
3958	6
3959	8
3960	5
3961	3
3962	2
3963	8
3964	8
3965	6
3966	1
3967	8
3968	5
3969	2
3970	6
3971	2
3972	6
3973	2
3974	8
3975	3
3976	7
3977	8
3978	5
3979	6
3980	noise
3981	1
3982	4
3983	8
3984	2
3985	1
3986	8
3987	6
3988	1
3989	8
3990	2
3991	3
3992	4
3993	noise
3994	noise
3995	2
3996	6
3997	2
3998	4
3999	noise
4000	8
4001	6
4002	noise
4003	8
4004	8
4005	1
4006	8
4007	8
4008	4
4009	2
4010	2
4011	5
4012	2
4013	2
4014	2
4015	6
4016	8
4017	noise
4018	5
4019	8
4020	2
4021	6
4022	8
4023	1
4024	1
4025	2
4026	2
4027	1
4028	1
4029	6
4030	5
4031	3
4032	8
4033	8
4034	5
4035	5
4036	5
4037	8
4038	2
4039	1
4040	8
4041	6
4042	6
4043	2
4044	8
4045	5
4046	6
4047	2
4048	6
4049	1
4050	2
4051	1
4052	2
4053	5
4054	6
4055	8
4056	5
4057	6
4058	3
4059	2
4060	5
4061	6
4062	8
4063	6
4064	2
4065	6
4066	5
4067	8
4068	8
4069	5
4070	1
4071	8
4072	6
4073	2
4074	2
4075	6
4076	2
4077	2
4078	2
4079	1
4080	1
4081	5
4082	1
4083	noise
4084	4
4085	8
4086	2
4087	noise
4088	1
4089	6
4090	2
4091	5
4092	8
4093	1
4094	1
4095	8
4096	8
4097	2
4098	5
4099	5
4100	2
4101	1
4102	5
4103	5
4104	1
4105	8
4106	8
4107	6
4108	5
4109	8
4110	8
4111	1
4112	1
4113	5
4114	6
4115	4
4116	8
4117	5
4118	2
4119	5
4120	5
4121	6
4122	3
4123	8
4124	2
4125	1
4126	6
4127	1
4128	5
4129	noise
4130	5
4131	5
4132	2
4133	noise
4134	4
4135	5
4136	5
4137	2
4138	8
4139	2
4140	noise
4141	5
4142	8
4143	4
4144	5
4145	8
4146	2
4147	7
4148	1
4149	8
4150	2
4151	5
4152	1
4153	6
4154	1
4155	8
4156	8
4157	8
4158	8
4159	8
4160	5
4161	5
4162	2
4163	8
4164	noise
4165	8
4166	2
4167	5
4168	2
4169	2
4170	1
4171	8
4172	4
4173	1
4174	2
4175	2
4176	2
4177	1
4178	2
4179	8
4180	5
4181	noise
4182	8
4183	8
4184	2
4185	8
4186	6
4187	8
4188	4
4189	6
4190	noise
4191	8
4192	2
4193	5
4194	2
4195	2
4196	5
4197	2
4198	3
4199	6
4200	8
4201	6
4202	6
4203	6
4204	2
4205	1
4206	1
4207	6
4208	4
4209	5
4210	1
4211	8
4212	2
4213	6
4214	2
4215	8
4216	8
4217	1
4218	6
4219	5
4220	6
4221	2
4222	8
4223	2
4224	5
4225	6
4226	5
4227	2
4228	1
4229	8
4230	8
4231	8
4232	8
4233	5
4234	5
4235	8
4236	8
4237	2
4238	2
4239	5
4240	8
4241	8
4242	6
4243	5
4244	6
4245	5
4246	5
4247	2
4248	noise
4249	6
4250	5
4251	2
4252	2
4253	2
4254	8
4255	6
4256	8
4257	5
4258	noise
4259	3
4260	6
4261	6
4262	5
4263	6
4264	1
4265	1
4266	2
4267	8
4268	8
4269	5
4270	2
4271	2
4272	8
4273	4
4274	2
4275	8
4276	2
4277	2
4278	6
4279	8
4280	8
4281	8
4282	4
4283	6
4284	8
4285	1
4286	1
4287	5
4288	6
4289	6
4290	5
4291	1
4292	1
4293	2
4294	8
4295	6
4296	8
4297	5
4298	4
4299	5
4300	2
4301	2
4302	1
4303	2
4304	1
4305	4
4306	6
4307	6
4308	8
4309	5
4310	noise
4311	2
4312	8
4313	5
4314	5
4315	1
4316	2
4317	8
4318	4
4319	4
4320	1
4321	8
4322	1
4323	2
4324	noise
4325	6
4326	1
4327	6
4328	2
4329	6
4330	8
4331	1
4332	4
4333	8
4334	5
4335	2
4336	5
4337	1
4338	1
4339	4
4340	noise
4341	8
4342	6
4343	2
4344	2
4345	5
4346	noise
4347	4
4348	5
4349	2
4350	2
4351	2
4352	6
4353	6
4354	2
4355	5
4356	1
4357	6
4358	4
4359	8
4360	2
4361	1
4362	4
4363	6
4364	1
4365	6
4366	5
4367	5
4368	7
4369	6
4370	2
4371	8
4372	6
4373	1
4374	7
4375	2
4376	2
4377	1
4378	4
4379	5
4380	8
4381	1
4382	8
4383	2
4384	2
4385	6
4386	6
4387	8
4388	8
4389	5
4390	2
4391	6
4392	1
4393	noise
4394	5
4395	8
4396	2
4397	1
4398	2
4399	8
4400	6
4401	1
4402	6
4403	1
4404	8
4405	1
4406	5
4407	6
4408	5
4409	1
4410	8
4411	2
4412	2
4413	1
4414	2
4415	2
4416	2
4417	noise
4418	5
4419	8
4420	2
4421	1
4422	1
4423	8
4424	6
4425	6
4426	5
4427	1
4428	6
4429	2
4430	7
4431	2
4432	2
4433	1
4434	2
4435	2
4436	6
4437	6
4438	6
4439	8
4440	6
4441	6
4442	1
4443	8
4444	5
4445	8
4446	5
4447	6
4448	8
4449	1
4450	1
4451	8
4452	2
4453	2
4454	5
4455	8
4456	3
4457	1
4458	8
4459	1
4460	8
4461	5
4462	5
4463	8
4464	5
4465	1
4466	7
4467	1
4468	8
4469	2
4470	2
4471	1
4472	7
4473	4
4474	1
4475	2
4476	8
4477	noise
4478	2
4479	8
4480	8
4481	2
4482	6
4483	2
4484	4
4485	2
4486	5
4487	8
4488	5
4489	4
4490	8
4491	5
4492	6
4493	8
4494	5
4495	noise
4496	2
4497	8
4498	2
4499	5
4500	8
4501	5
4502	5
4503	1
4504	1
4505	1
4506	5
4507	6
4508	8
4509	noise
4510	5
4511	6
4512	2
4513	1
4514	5
4515	5
4516	2
4517	1
4518	2
4519	7
4520	6
4521	noise
4522	4
4523	8
4524	6
4525	3
4526	1
4527	8
4528	5
4529	3
4530	1
4531	2
4532	8
4533	8
4534	4
4535	6
4536	2
4537	8
4538	5
4539	8
4540	1
4541	2
4542	1
4543	2
4544	1
4545	3
4546	6
4547	2
4548	8
4549	6
4550	8
4551	6
4552	8
4553	2
4554	6
4555	5
4556	8
4557	8
4558	5
4559	6
4560	6
4561	2
4562	2
4563	8
4564	8
4565	8
4566	2
4567	4
4568	8
4569	1
4570	5
4571	8
4572	noise
4573	8
4574	4
4575	8
4576	noise
4577	2
4578	8
4579	2
4580	8
4581	6
4582	8
4583	1
4584	7
4585	2
4586	8
4587	6
4588	2
4589	8
4590	1
4591	4
4592	8
4593	5
4594	8
4595	8
4596	5
4597	noise
4598	4
4599	1
4600	noise
4601	noise
4602	noise
4603	2
4604	8
4605	8
4606	8
4607	5
4608	5
4609	8
4610	5
4611	2
4612	2
4613	5
4614	5
4615	1
4616	1
4617	2
4618	6
4619	5
4620	6
4621	5
4622	1
4623	8
4624	4
4625	8
4626	6
4627	5
4628	2
4629	8
4630	6
4631	noise
4632	6
4633	2
4634	5
4635	2
4636	2
4637	8
4638	2
4639	8
4640	6
4641	4
4642	5
4643	2
4644	3
4645	5
4646	8
4647	7
4648	1
4649	5
4650	5
4651	1
4652	2
4653	1
4654	5
4655	2
4656	5
4657	3
4658	8
4659	6
4660	1
4661	8
4662	3
4663	6
4664	8
4665	1
4666	5
4667	6
4668	2
4669	8
4670	1
4671	8
4672	5
4673	noise
4674	1
4675	5
4676	5
4677	noise
4678	1
4679	8
4680	1
4681	2
4682	5
4683	6
4684	5
4685	5
4686	1
4687	8
4688	8
4689	2
4690	5
4691	6
4692	5
4693	1
4694	1
4695	5
4696	1
4697	8
4698	8
4699	1
4700	4
4701	8
4702	8
4703	2
4704	2
4705	5
4706	2
4707	6
4708	8
4709	8
4710	5
4711	2
4712	3
4713	4
4714	5
4715	noise
4716	5
4717	5
4718	8
4719	noise
4720	6
4721	8
4722	2
4723	8
4724	6
4725	1
4726	2
4727	6
4728	2
4729	1
4730	6
4731	2
4732	5
4733	1
4734	6
4735	5
4736	1
4737	8
4738	1
4739	6
4740	6
4741	8
4742	2
4743	5
4744	4
4745	3
4746	2
4747	noise
4748	1
4749	1
4750	noise
4751	2
4752	2
4753	noise
4754	8
4755	6
4756	5
4757	5
4758	1
4759	6
4760	2
4761	4
4762	5
4763	6
4764	1
4765	1
4766	1
4767	2
4768	6
4769	4
4770	1
4771	5
4772	4
4773	6
4774	4
4775	2
4776	3
4777	2
4778	6
4779	5
4780	8
4781	2
4782	noise
4783	2
4784	noise
4785	1
4786	8
4787	5
4788	2
4789	1
4790	5
4791	1
4792	2
4793	6
4794	6
4795	8
4796	4
4797	4
4798	6
4799	5
4800	1
4801	8
4802	5
4803	6
4804	2
4805	8
4806	5
4807	8
4808	6
4809	1
4810	2
4811	6
4812	1
4813	5
4814	5
4815	6
4816	6
4817	2
4818	2
4819	6
4820	2
4821	2
4822	5
4823	2
4824	5
4825	1
4826	5
4827	6
4828	8
4829	1
4830	2
4831	6
4832	5
4833	8
4834	8
4835	5
4836	1
4837	1
4838	5
4839	2
4840	5
4841	1
4842	6
4843	8
4844	8
4845	noise
4846	6
4847	5
4848	5
4849	noise
4850	4
4851	5
4852	4
4853	6
4854	noise
4855	8
4856	8
4857	1
4858	5
4859	8
4860	5
4861	8
4862	8
4863	1
4864	2
4865	noise
4866	6
4867	6
4868	5
4869	8
4870	2
4871	5
4872	8
4873	8
4874	8
4875	6
4876	noise
4877	4
4878	6
4879	5
4880	8
4881	6
4882	5
4883	6
4884	1
4885	8
4886	6
4887	3
4888	2
4889	1
4890	6
4891	5
4892	1
4893	6
4894	6
4895	5
4896	5
4897	6
4898	2
4899	1
4900	5
4901	3
4902	8
4903	5
4904	5
4905	8
4906	6
4907	5
4908	5
4909	8
4910	8
4911	5
4912	6
4913	1
4914	8
4915	8
4916	1
4917	2
4918	1
4919	2
4920	5
4921	5
4922	5
4923	6
4924	6
4925	1
4926	8
4927	5
4928	1
4929	2
4930	2
4931	5
4932	6
4933	4
4934	8
4935	1
4936	2
4937	5
4938	4
4939	6
4940	6
4941	8
4942	2
4943	2
4944	8
4945	6
4946	1
4947	noise
4948	5
4949	noise
4950	6
4951	5
4952	5
4953	6
4954	noise
4955	2
4956	1
4957	1
4958	2
4959	2
4960	3
4961	5
4962	7
4963	8
4964	1
4965	2
4966	1
4967	2
4968	8
4969	2
4970	8
4971	8
4972	2
4973	3
4974	8
4975	6
4976	5
4977	4
4978	8
4979	8
4980	5
4981	8
4982	5
4983	6
4984	1
4985	8
4986	8
4987	5
4988	2
4989	8
4990	8
4991	5
4992	8
4993	5
4994	2
4995	2
4996	8
4997	6
4998	6
4999	noise
5000	2
5001	5
5002	8
5003	8
5004	3
5005	6
5006	4
5007	4
5008	5
5009	8
5010	6
5011	6
5012	5
5013	5
5014	5
5015	2
5016	6
5017	8
5018	1
5019	2
5020	6
5021	1
5022	8
5023	2
5024	2
5025	1
5026	5
5027	8
5028	2
5029	2
5030	1
5031	8
5032	5
5033	2
5034	1
5035	8
5036	1
5037	2
5038	1
5039	6
5040	1
5041	8
5042	6
5043	8
5044	2
5045	5
5046	noise
5047	6
5048	5
5049	1
5050	5
5051	5
5052	7
5053	2
5054	4
5055	5
5056	2
5057	5
5058	5
5059	8
5060	8
5061	2
5062	5
5063	5
5064	5
5065	2
5066	noise
5067	8
5068	8
5069	5
5070	8
5071	1
5072	2
5073	6
5074	5
5075	2
5076	8
5077	6
5078	1
5079	6
5080	2
5081	2
5082	6
5083	6
5084	2
5085	2
5086	6
5087	1
5088	2
5089	2
5090	6
5091	1
5092	noise
5093	6
5094	5
5095	6
5096	2
5097	4
5098	noise
5099	8
5100	8
5101	1
5102	2
5103	6
5104	2
5105	2
5106	2
5107	6
5108	5
5109	2
5110	4
5111	6
5112	8
5113	8
5114	5
5115	5
5116	6
5117	8
5118	5
5119	5
5120	1
5121	2
5122	8
5123	2
5124	2
5125	8
5126	8
5127	noise
5128	5
5129	8
5130	2
5131	6
5132	1
5133	8
5134	5
5135	6
5136	7
5137	5
5138	2
5139	1
5140	3
5141	5
5142	8
5143	1
5144	5
5145	5
5146	2
5147	5
5148	5
5149	8
5150	1
5151	1
5152	2
5153	7
5154	8
5155	5
5156	2
5157	5
5158	8
5159	4
5160	6
5161	6
5162	8
5163	2
5164	2
5165	6
5166	8
5167	8
5168	8
5169	noise
5170	5
5171	2
5172	6
5173	6
5174	1
5175	8
5176	8
5177	2
5178	6
5179	1
5180	6
5181	6
5182	6
5183	8
5184	1
5185	8
5186	6
5187	2
5188	noise
5189	6
5190	6
5191	1
5192	6
5193	5
5194	2
5195	1
5196	6
5197	5
5198	5
5199	8
5200	5
5201	6
5202	4
5203	2
5204	8
5205	1
5206	2
5207	6
5208	2
5209	2
5210	8
5211	2
5212	2
5213	8
5214	5
5215	8
5216	8
5217	5
5218	6
5219	noise
5220	4
5221	2
5222	6
5223	6
5224	5
5225	7
5226	5
5227	noise
5228	8
5229	2
5230	5
5231	5
5232	6
5233	2
5234	2
5235	6
5236	8
5237	noise
5238	2
5239	6
5240	8
5241	8
5242	6
5243	6
5244	6
5245	2
5246	2
5247	1
5248	8
5249	4
5250	1
5251	8
5252	5
5253	2
5254	6
5255	noise
5256	5
5257	8
5258	1
5259	2
5260	5
5261	5
5262	8
5263	5
5264	6
5265	6
5266	1
5267	5
5268	5
5269	7
5270	2
5271	4
5272	5
5273	5
5274	6
5275	1
5276	2
5277	8
5278	6
5279	2
5280	6
5281	2
5282	8
5283	1
5284	6
5285	8
5286	4
5287	1
5288	1
5289	5
5290	5
5291	8
5292	8
5293	6
5294	1
5295	5
5296	2
5297	6
5298	1
5299	2
5300	6
5301	1
5302	4
5303	6
5304	6
5305	8
5306	8
5307	5
5308	6
5309	6
5310	2
5311	1
5312	5
5313	1
5314	2
5315	1
5316	8
5317	8
5318	2
5319	8
5320	6
5321	2
5322	noise
5323	2
5324	1
5325	6
5326	1
5327	1
5328	7
5329	7
5330	8
5331	2
5332	6
5333	2
5334	8
5335	3
5336	noise
5337	4
5338	8
5339	5
5340	8
5341	8
5342	4
5343	1
5344	5
5345	1
5346	2
5347	6
5348	8
5349	1
5350	6
5351	8
5352	1
5353	3
5354	6
5355	8
5356	6
5357	8
5358	8
5359	5
5360	5
5361	2
5362	2
5363	8
5364	2
5365	8
5366	8
5367	6
5368	1
5369	4
5370	noise
5371	noise
5372	2
5373	8
5374	5
5375	1
5376	5
5377	4
5378	6
5379	8
5380	6
5381	5
5382	2
5383	2
5384	6
5385	5
5386	2
5387	5
5388	5
5389	6
5390	4
5391	8
5392	2
5393	6
5394	1
5395	2
5396	1
5397	1
5398	8
5399	1
5400	6
5401	2
5402	6
5403	8
5404	2
5405	6
5406	2
5407	8
5408	3
5409	4
5410	6
5411	2
5412	7
5413	2
5414	2
5415	1
5416	2
5417	6
5418	5
5419	8
5420	2
5421	noise
5422	5
5423	5
5424	1
5425	6
5426	8
5427	7
5428	6
5429	6
5430	8
5431	noise
5432	5
5433	5
5434	8
5435	8
5436	3
5437	2
5438	4
5439	2
5440	6
5441	1
5442	8
5443	8
5444	1
5445	5
5446	2
5447	2
5448	4
5449	6
5450	6
5451	8
5452	8
5453	6
5454	6
5455	2
5456	8
5457	5
5458	1
5459	2
5460	8
5461	4
5462	5
5463	5
5464	4
5465	5
5466	8
5467	1
5468	8
5469	8
5470	8
5471	1
5472	6
5473	6
5474	6
5475	1
5476	1
5477	8
5478	2
5479	6
5480	4
5481	8
5482	5
5483	1
5484	2
5485	5
5486	3
5487	6
5488	4
5489	6
5490	2
5491	6
5492	noise
5493	5
5494	5
5495	6
5496	5
5497	8
5498	2
5499	8
5500	8
5501	6
5502	3
5503	noise
5504	1
5505	5
5506	2
5507	2
5508	2
5509	6
5510	8
5511	7
5512	8
5513	2
5514	2
5515	1
5516	6
5517	6
5518	2
5519	6
5520	6
5521	8
5522	2
5523	2
5524	5
5525	1
5526	8
5527	8
5528	2
5529	8
5530	1
5531	8
5532	6
5533	6
5534	4
5535	8
5536	2
5537	6
5538	1
5539	6
5540	noise
5541	2
5542	2
5543	6
5544	1
5545	8
5546	5
5547	5
5548	8
5549	5
5550	3
5551	8
5552	8
5553	1
5554	3
5555	2
5556	1
5557	5
5558	6
5559	6
5560	6
5561	6
5562	4
5563	2
5564	1
5565	2
5566	5
5567	6
5568	6
5569	4
5570	1
5571	2
5572	3
5573	1
5574	5
5575	7
5576	5
5577	5
5578	1
5579	8
5580	6
5581	8
5582	6
5583	6
5584	8
5585	8
5586	6
5587	8
5588	5
5589	2
5590	8
5591	2
5592	6
5593	6
5594	noise
5595	8
5596	6
5597	8
5598	2
5599	2
5600	5
5601	8
5602	8
5603	6
5604	2
5605	5
5606	5
5607	2
5608	1
5609	8
5610	5
5611	1
5612	5
5613	8
5614	5
5615	5
5616	6
5617	4
5618	2
5619	6
5620	6
5621	6
5622	5
5623	5
5624	8
5625	2
5626	2
5627	3
5628	5
5629	4
5630	6
5631	6
5632	5
5633	2
5634	2
5635	5
5636	noise
5637	6
5638	2
5639	7
5640	3
5641	8
5642	2
5643	1
5644	6
5645	8
5646	3
5647	8
5648	2
5649	6
5650	2
5651	8
5652	1
5653	6
5654	5
5655	1
5656	3
5657	5
5658	7
5659	6
5660	6
5661	4
5662	6
5663	1
5664	5
5665	6
5666	6
5667	2
5668	8
5669	1
5670	6
5671	5
5672	2
5673	2
5674	4
5675	8
5676	8
5677	2
5678	1
5679	4
5680	6
5681	6
5682	6
5683	5
5684	8
5685	6
5686	5
5687	noise
5688	8
5689	6
5690	2
5691	8
5692	1
5693	8
5694	6
5695	5
5696	1
5697	8
5698	5
5699	8
5700	2
5701	1
5702	1
5703	8
5704	5
5705	5
5706	7
5707	7
5708	noise
5709	5
5710	5
5711	8
5712	5
5713	6
5714	1
5715	2
5716	8
5717	6
5718	8
5719	5
5720	2
5721	1
5722	2
5723	1
5724	5
5725	5
5726	4
5727	8
5728	1
5729	6
5730	6
5731	6
5732	6
5733	3
5734	5
5735	2
5736	2
5737	6
5738	5
5739	5
5740	8
5741	5
5742	2
5743	8
5744	8
5745	6
5746	8
5747	5
5748	6
5749	8
5750	6
5751	8
5752	6
5753	2
5754	5
5755	5
5756	noise
5757	1
5758	2
5759	5
5760	8
5761	2
5762	6
5763	1
5764	1
5765	6
5766	2
5767	6
5768	8
5769	8
5770	8
5771	8
5772	1
5773	2
5774	8
5775	8
5776	8
5777	1
5778	6
5779	6
5780	3
5781	5
5782	2
5783	7
5784	2
5785	6
5786	4
5787	1
5788	2
5789	8
5790	6
5791	4
5792	5
5793	5
5794	2
5795	1
5796	8
5797	6
5798	1
5799	8
5800	2
5801	6
5802	8
5803	5
5804	5
5805	8
5806	2
5807	8
5808	2
5809	1
5810	6
5811	2
5812	2
5813	2
5814	2
5815	2
5816	8
5817	1
5818	5
5819	noise
5820	6
5821	5
5822	8
5823	4
5824	5
5825	6
5826	7
5827	6
5828	2
5829	1
5830	8
5831	5
5832	8
5833	2
5834	3
5835	2
5836	6
5837	3
5838	6
5839	6
5840	noise
5841	5
5842	7
5843	2
5844	4
5845	6
5846	5
5847	5
5848	1
5849	2
5850	2
5851	8
5852	2
5853	noise
5854	2
5855	1
5856	6
5857	6
5858	2
5859	8
5860	8
5861	6
5862	4
5863	8
5864	1
5865	5
5866	2
5867	8
5868	8
5869	2
5870	1
5871	5
5872	6
5873	6
5874	5
5875	6
5876	2
5877	1
5878	1
5879	5
5880	5
5881	8
5882	5
5883	8
5884	noise
5885	6
5886	6
5887	2
5888	6
5889	8
5890	4
5891	2
5892	4
5893	1
5894	5
5895	5
5896	6
5897	6
5898	2
5899	5
5900	5
5901	7
5902	5
5903	6
5904	5
5905	1
5906	6
5907	1
5908	1
5909	6
5910	8
5911	3
5912	5
5913	2
5914	5
5915	2
5916	2
5917	8
5918	noise
5919	4
5920	2
5921	2
5922	5
5923	4
5924	6
5925	1
5926	5
5927	5
5928	8
5929	2
5930	1
5931	7
5932	8
5933	5
5934	2
5935	6
5936	6
5937	2
5938	8
5939	2
5940	5
5941	1
5942	8
5943	5
5944	8
5945	2
5946	1
5947	5
5948	6
5949	5
5950	2
5951	5
5952	8
5953	2
5954	4
5955	2
5956	1
5957	8
5958	2
5959	2
5960	5
5961	6
5962	6
5963	8
5964	1
5965	2
5966	6
5967	8
5968	4
5969	5
5970	6
5971	6
5972	2
5973	5
5974	5
5975	8
5976	1
5977	5
5978	8
5979	5
5980	3
5981	2
5982	8
5983	1
5984	7
5985	1
5986	8
5987	5
5988	2
5989	1
5990	2
5991	5
5992	5
5993	2
5994	6
5995	2
5996	4
5997	1
5998	6
5999	5
6000	1
6001	6
6002	noise
6003	6
6004	5
6005	5
6006	6
6007	6
6008	8
6009	5
6010	8
6011	3
6012	1
6013	5
6014	noise
6015	5
6016	1
6017	4
6018	8
6019	6
6020	6
6021	1
6022	8
6023	6
6024	6
6025	1
6026	1
6027	8
6028	5
6029	8
6030	4
6031	6
6032	2
6033	8
6034	6
6035	5
6036	6
6037	6
6038	4
6039	8
6040	1
6041	noise
6042	2
6043	1
6044	8
6045	2
6046	8
6047	8
6048	noise
6049	2
6050	2
6051	4
6052	8
6053	8
6054	2
6055	6
6056	4
6057	5
6058	4
6059	8
6060	8
6061	8
6062	6
6063	2
6064	5
6065	noise
6066	8
6067	5
6068	8
6069	2
6070	2
6071	7
6072	1
6073	5
6074	6
6075	8
6076	3
6077	5
6078	4
6079	2
6080	6
6081	8
6082	6
6083	4
6084	4
6085	5
6086	2
6087	6
6088	7
6089	8
6090	6
6091	8
6092	8
6093	8
6094	6
6095	4
6096	2
6097	1
6098	5
6099	7
6100	3
6101	2
6102	7
6103	5
6104	2
6105	5
6106	2
6107	noise
6108	2
6109	2
6110	6
6111	1
6112	2
6113	8
6114	6
6115	5
6116	noise
6117	5
6118	2
6119	1
6120	4
6121	5
6122	1
6123	3
6124	8
6125	5
6126	8
6127	6
6128	2
6129	6
6130	5
6131	8
6132	1
6133	8
6134	1
6135	5
6136	8
6137	2
6138	4
6139	6
6140	2
6141	6
6142	7
6143	noise
6144	8
6145	8
6146	8
6147	5
6148	3
6149	2
6150	5
6151	8
6152	noise
6153	6
6154	1
6155	5
6156	2
6157	4
6158	6
6159	2
6160	8
6161	noise
6162	1
6163	2
6164	6
6165	1
6166	noise
6167	1
6168	1
6169	1
6170	6
6171	6
6172	3
6173	8
6174	noise
6175	1
6176	4
6177	noise
6178	6
6179	1
6180	8
6181	5
6182	1
6183	5
6184	2
6185	8
6186	6
6187	6
6188	1
6189	8
6190	6
6191	6
6192	6
6193	2
6194	noise
6195	4
6196	noise
6197	2
6198	4
6199	6
6200	5
6201	5
6202	6
6203	8
6204	6
6205	3
6206	6
6207	5
6208	2
6209	8
6210	8
6211	2
6212	5
6213	8
6214	2
6215	3
6216	6
6217	8
6218	6
6219	1
6220	1
6221	2
6222	6
6223	7
6224	8
6225	8
6226	1
6227	1
6228	2
6229	noise
6230	2
6231	2
6232	6
6233	2
6234	5
6235	2
6236	4
6237	6
6238	5
6239	5
6240	5
6241	4
6242	8
6243	6
6244	8
6245	2
6246	6
6247	2
6248	1
6249	2
6250	2
6251	6
6252	2
6253	6
6254	3
6255	4
6256	3
6257	2
6258	1
6259	1
6260	4
6261	2
6262	6
6263	8
6264	6
6265	2
6266	5
6267	8
6268	4
6269	2
6270	1
6271	4
6272	1
6273	6
6274	5
6275	1
6276	6
6277	8
6278	6
6279	6
6280	noise
6281	5
6282	5
6283	5
6284	6
6285	5
6286	2
6287	8
6288	5
6289	noise
6290	8
6291	4
6292	5
6293	4
6294	6
6295	6
6296	6
6297	1
6298	1
6299	6
6300	6
6301	6
6302	8
6303	8
6304	6
6305	6
6306	2
6307	1
6308	2
6309	2
6310	8
6311	6
6312	2
6313	6
6314	3
6315	2
6316	6
6317	5
6318	2
6319	2
6320	5
6321	7
6322	8
6323	5
6324	8
6325	6
6326	8
6327	8
6328	5
6329	1
6330	2
6331	noise
6332	4
6333	6
6334	6
6335	5
6336	2
6337	6
6338	2
6339	8
6340	1
6341	2
6342	8
6343	1
6344	5
6345	6
6346	2
6347	5
6348	8
6349	2
6350	5
6351	5
6352	6
6353	2
6354	1
6355	8
6356	8
6357	2
6358	8
6359	5
6360	1
6361	1
6362	5
6363	1
6364	noise
6365	6
6366	noise
6367	6
6368	1
6369	8
6370	6
6371	8
6372	5
6373	6
6374	5
6375	5
6376	5
6377	5
6378	1
6379	8
6380	2
6381	2
6382	noise
6383	2
6384	2
6385	1
6386	2
6387	6
6388	8
6389	1
6390	8
6391	8
6392	8
6393	2
6394	5
6395	5
6396	noise
6397	2
6398	6
6399	5
6400	6
6401	8
6402	8
6403	6
6404	6
6405	1
6406	6
6407	2
6408	2
6409	1
6410	2
6411	5
6412	noise
6413	1
6414	2
6415	6
6416	4
6417	8
6418	1
6419	5
6420	6
6421	8
6422	2
6423	8
6424	8
6425	3
6426	8
6427	1
6428	6
6429	2
6430	2
6431	8
6432	8
6433	6
6434	8
6435	8
6436	6
6437	8
6438	3
6439	2
6440	8
6441	2
6442	4
6443	noise
6444	2
6445	2
6446	7
6447	1
6448	4
6449	6
6450	6
6451	4
6452	8
6453	5
6454	1
6455	2
6456	5
6457	8
6458	5
6459	5
6460	6
6461	4
6462	5
6463	8
6464	8
6465	8
6466	6
6467	2
6468	6
6469	3
6470	1
6471	2
6472	6
6473	1
6474	3
6475	2
6476	2
6477	1
6478	5
6479	5
6480	8
6481	2
6482	8
6483	6
6484	2
6485	5
6486	6
6487	1
6488	2
6489	1
6490	8
6491	noise
6492	2
6493	noise
6494	1
6495	noise
6496	8
6497	5
6498	6
6499	2
6500	8
6501	6
6502	1
6503	noise
6504	5
6505	1
6506	5
6507	4
6508	2
6509	6
6510	5
6511	5
6512	1
6513	8
6514	5
6515	2
6516	7
6517	5
6518	8
6519	5
6520	6
6521	8
6522	3
6523	6
6524	4
6525	1
6526	6
6527	8
6528	8
6529	2
6530	2
6531	5
6532	1
6533	2
6534	1
6535	8
6536	8
6537	4
6538	6
6539	5
6540	6
6541	5
6542	2
6543	2
6544	5
6545	1
6546	6
6547	5
6548	5
6549	8
6550	2
6551	6
6552	8
6553	3
6554	2
6555	8
6556	noise
6557	2
6558	5
6559	4
6560	8
6561	6
6562	2
6563	8
6564	6
6565	1
6566	2
6567	8
6568	5
6569	6
6570	8
6571	2
6572	2
6573	8
6574	8
6575	6
6576	5
6577	2
6578	8
6579	2
6580	5
6581	2
6582	1
6583	1
6584	5
6585	6
6586	5
6587	2
6588	6
6589	6
6590	5
6591	2
6592	2
6593	6
6594	6
6595	1
6596	8
6597	6
6598	4
6599	1
6600	6
6601	5
6602	5
6603	1
6604	2
6605	8
6606	8
6607	6
6608	8
6609	1
6610	8
6611	4
6612	6
6613	6
6614	6
6615	6
6616	6
6617	noise
6618	8
6619	3
6620	2
6621	4
6622	7
6623	4
6624	2
6625	1
6626	5
6627	5
6628	8
6629	5
6630	4
6631	8
6632	6
6633	2
6634	8
6635	1
6636	8
6637	5
6638	5
6639	6
6640	2
6641	2
6642	6
6643	5
6644	5
6645	6
6646	2
6647	8
6648	7
6649	noise
6650	8
6651	1
6652	1
6653	2
6654	7
6655	4
6656	8
6657	noise
6658	1
6659	8
6660	6
6661	5
6662	8
6663	2
6664	noise
6665	8
6666	5
6667	1
6668	2
6669	6
6670	6
6671	4
6672	6
6673	5
6674	1
6675	noise
6676	6
6677	5
6678	5
6679	noise
6680	5
6681	2
6682	8
6683	5
6684	8
6685	8
6686	5
6687	8
6688	6
6689	8
6690	6
6691	2
6692	8
6693	2
6694	3
6695	5
6696	8
6697	1
6698	2
6699	5
6700	5
6701	3
6702	1
6703	8
6704	1
6705	noise
6706	8
6707	7
6708	5
6709	8
6710	1
6711	6
6712	1
6713	6
6714	2
6715	1
6716	5
6717	8
6718	5
6719	7
6720	6
6721	2
6722	6
6723	7
6724	5
6725	noise
6726	1
6727	2
6728	1
6729	5
6730	1
6731	5
6732	noise
6733	5
6734	8
6735	6
6736	1
6737	8
6738	8
6739	6
6740	6
6741	5
6742	1
6743	8
6744	6
6745	1
6746	5
6747	5
6748	8
6749	1
6750	2
6751	2
6752	2
6753	5
6754	1
6755	2
6756	2
6757	4
6758	2
6759	8
6760	6
6761	1
6762	4
6763	8
6764	1
6765	8
6766	2
6767	7
6768	5
6769	6
6770	6
6771	1
6772	8
6773	8
6774	2
6775	6
6776	noise
6777	6
6778	8
6779	2
6780	8
6781	1
6782	5
6783	8
6784	8
6785	8
6786	1
6787	8
6788	noise
6789	6
6790	5
6791	6
6792	2
6793	5
6794	7
6795	5
6796	1
6797	4
6798	8
6799	8
6800	6
6801	5
6802	3
6803	1
6804	6
6805	6
6806	8
6807	2
6808	6
6809	8
6810	5
6811	noise
6812	1
6813	5
6814	8
6815	5
6816	2
6817	1
6818	5
6819	2
6820	8
6821	5
6822	8
6823	6
6824	noise
6825	6
6826	2
6827	2
6828	5
6829	4
6830	1
6831	noise
6832	2
6833	8
6834	1
6835	8
6836	5
6837	6
6838	5
6839	1
6840	8
6841	4
6842	8
6843	2
6844	6
6845	6
6846	2
6847	1
6848	1
6849	1
6850	5
6851	2
6852	2
6853	8
6854	noise
6855	2
6856	6
6857	2
6858	6
6859	1
6860	6
6861	5
6862	2
6863	5
6864	5
6865	4
6866	8
6867	5
6868	1
6869	6
6870	5
6871	8
6872	2
6873	1
6874	1
6875	2
6876	6
6877	4
6878	8
6879	5
6880	2
6881	2
6882	5
6883	8
6884	1
6885	7
6886	1
6887	8
6888	noise
6889	8
6890	2
6891	6
6892	5
6893	3
6894	5
6895	8
6896	1
6897	2
6898	8
6899	8
6900	2
6901	1
6902	6
6903	6
6904	6
6905	8
6906	2
6907	5
6908	5
6909	1
6910	2
6911	7
6912	1
6913	1
6914	7
6915	5
6916	5
6917	7
6918	noise
6919	5
6920	6
6921	5
6922	6
6923	7
6924	6
6925	6
6926	6
6927	5
6928	2
6929	1
6930	6
6931	4
6932	4
6933	8
6934	5
6935	noise
6936	8
6937	1
6938	2
6939	6
6940	2
6941	6
6942	5
6943	6
6944	2
6945	7
6946	1
6947	5
6948	4
6949	noise
6950	6
6951	6
6952	5
6953	7
6954	8
6955	6
6956	2
6957	8
6958	8
6959	8
6960	6
6961	1
6962	2
6963	1
6964	3
6965	2
6966	2
6967	8
6968	noise
6969	4
6970	5
6971	6
6972	6
6973	8
6974	2
6975	1
6976	5
6977	4
6978	noise
6979	1
6980	8
6981	6
6982	1
6983	8
6984	5
6985	2
6986	8
6987	2
6988	1
6989	5
6990	6
6991	2
6992	5
6993	6
6994	8
6995	6
6996	1
6997	1
6998	8
6999	8
7000	4
7001	2
7002	2
7003	6
7004	6
7005	5
7006	6
7007	noise
7008	noise
7009	6
7010	5
7011	5
7012	8
7013	8
7014	6
7015	4
7016	8
7017	4
7018	6
7019	5
7020	6
7021	6
7022	1
7023	8
7024	2
7025	2
7026	5
7027	1
7028	6
7029	2
7030	8
7031	2
7032	2
7033	8
7034	8
7035	1
7036	5
7037	8
7038	2
7039	8
7040	2
7041	1
7042	2
7043	2
7044	1
7045	2
7046	8
7047	8
7048	8
7049	6
7050	8
7051	3
7052	2
7053	noise
7054	2
7055	6
7056	noise
7057	1
7058	8
7059	5
7060	2
7061	5
7062	1
7063	1
7064	noise
7065	1
7066	2
7067	1
7068	2
7069	6
7070	8
7071	8
7072	6
7073	8
7074	5
7075	5
7076	2
7077	8
7078	6
7079	5
7080	6
7081	5
7082	noise
7083	1
7084	8
7085	8
7086	1
7087	5
7088	2
7089	2
7090	5
7091	5
7092	6
7093	1
7094	8
7095	1
7096	8
7097	6
7098	5
7099	1
7100	1
7101	5
7102	5
7103	6
7104	7
7105	6
7106	1
7107	6
7108	2
7109	6
7110	8
7111	2
7112	1
7113	8
7114	1
7115	6
7116	2
7117	1
7118	5
7119	5
7120	8
7121	4
7122	5
7123	2
7124	6
7125	2
7126	2
7127	5
7128	3
7129	2
7130	2
7131	8
7132	5
7133	6
7134	6
7135	2
7136	3
7137	5
7138	5
7139	5
7140	4
7141	2
7142	5
7143	4
7144	6
7145	4
7146	1
7147	5
7148	5
7149	1
7150	5
7151	3
7152	6
7153	2
7154	6
7155	2
7156	2
7157	5
7158	8
7159	2
7160	7
7161	2
7162	2
7163	1
7164	6
7165	2
7166	8
7167	1
7168	6
7169	1
7170	noise
7171	2
7172	6
7173	8
7174	noise
7175	8
7176	3
7177	6
7178	6
7179	2
7180	8
7181	6
7182	6
7183	8
7184	2
7185	5
7186	5
7187	5
7188	8
7189	1
7190	2
7191	3
7192	5
7193	5
7194	8
7195	1
7196	8
7197	2
7198	1
7199	8
7200	6
7201	8
7202	8
7203	8
7204	6
7205	5
7206	8
7207	8
7208	8
7209	2
7210	5
7211	1
7212	1
7213	6
7214	3
7215	5
7216	5
7217	5
7218	8
7219	2
7220	noise
7221	5
7222	2
7223	8
7224	6
7225	6
7226	6
7227	5
7228	6
7229	5
7230	2
7231	8
7232	1
7233	2
7234	1
7235	noise
7236	2
7237	2
7238	7
7239	2
7240	6
7241	6
7242	8
7243	6
7244	noise
7245	5
7246	8
7247	2
7248	2
7249	8
7250	4
7251	4
7252	5
7253	1
7254	1
7255	6
7256	6
7257	6
7258	4
7259	8
7260	5
7261	6
7262	2
7263	6
7264	6
7265	noise
7266	8
7267	2
7268	1
7269	8
7270	1
7271	2
7272	6
7273	6
7274	8
7275	5
7276	2
7277	6
7278	5
7279	1
7280	5
7281	8
7282	5
7283	5
7284	1
7285	8
7286	7
7287	1
7288	5
7289	5
7290	8
7291	8
7292	5
7293	1
7294	2
7295	2
7296	1
7297	1
7298	7
7299	5
7300	6
7301	8
7302	8
7303	8
7304	5
7305	1
7306	1
7307	8
7308	6
7309	2
7310	2
7311	1
7312	1
7313	6
7314	6
7315	4
7316	8
7317	noise
7318	2
7319	2
7320	3
7321	8
7322	2
7323	1
7324	8
7325	8
7326	6
7327	5
7328	1
7329	1
7330	6
7331	1
7332	8
7333	4
7334	2
7335	2
7336	6
7337	5
7338	1
7339	8
7340	2
7341	1
7342	8
7343	6
7344	1
7345	5
7346	6
7347	5
7348	8
7349	5
7350	2
7351	8
7352	5
7353	8
7354	5
7355	5
7356	6
7357	7
7358	8
7359	5
7360	1
7361	8
7362	3
7363	8
7364	8
7365	6
7366	1
7367	2
7368	5
7369	2
7370	1
7371	6
7372	8
7373	6
7374	8
7375	1
7376	1
7377	5
7378	2
7379	2
7380	noise
7381	3
7382	5
7383	1
7384	2
7385	6
7386	1
7387	1
7388	3
7389	6
7390	2
7391	6
7392	2
7393	1
7394	8
7395	5
7396	6
7397	5
7398	4
7399	6
7400	6
7401	8
7402	6
7403	2
7404	3
7405	2
7406	noise
7407	noise
7408	5
7409	5
7410	8
7411	6
7412	6
7413	6
7414	4
7415	1
7416	6
7417	6
7418	1
7419	2
7420	5
7421	1
7422	8
7423	5
7424	6
7425	2
7426	8
7427	1
7428	1
7429	6
7430	8
7431	2
7432	6
7433	2
7434	5
7435	2
7436	1
7437	1
7438	1
7439	noise
7440	6
7441	6
7442	6
7443	2
7444	noise
7445	2
7446	6
7447	1
7448	2
7449	6
7450	8
7451	8
7452	5
7453	8
7454	8
7455	1
7456	5
7457	8
7458	8
7459	1
7460	6
7461	1
7462	2
7463	5
7464	8
7465	5
7466	8
7467	6
7468	2
7469	1
7470	4
7471	5
7472	2
7473	8
7474	8
7475	5
7476	6
7477	7
7478	noise
7479	8
7480	2
7481	2
7482	5
7483	2
7484	5
7485	6
7486	5
7487	5
7488	1
7489	7
7490	noise
7491	6
7492	1
7493	1
7494	2
7495	2
7496	2
7497	1
7498	1
7499	2
7500	6
7501	5
7502	5
7503	5
7504	6
7505	6
7506	1
7507	6
7508	2
7509	1
7510	5
7511	5
7512	1
7513	1
7514	8
7515	6
7516	6
7517	8
7518	6
7519	6
7520	5
7521	8
7522	5
7523	2
7524	2
7525	noise
7526	3
7527	1
7528	1
7529	8
7530	8
7531	5
7532	4
7533	2
7534	5
7535	6
7536	8
7537	6
7538	7
7539	2
7540	6
7541	5
7542	6
7543	5
7544	1
7545	2
7546	2
7547	8
7548	2
7549	8
7550	1
7551	4
7552	4
7553	8
7554	6
7555	1
7556	8
7557	6
7558	7
7559	6
7560	5
7561	8
7562	6
7563	3
7564	1
7565	8
7566	8
7567	2
7568	6
7569	8
7570	6
7571	1
7572	5
7573	2
7574	4
7575	4
7576	5
7577	8
7578	8
7579	8
7580	noise
7581	1
7582	5
7583	1
7584	6
7585	1
7586	1
7587	1
7588	5
7589	2
7590	7
7591	5
7592	8
7593	2
7594	5
7595	noise
7596	1
7597	6
7598	6
7599	6
7600	6
7601	6
7602	1
7603	2
7604	6
7605	5
7606	2
7607	2
7608	8
7609	6
7610	1
7611	1
7612	1
7613	4
7614	2
7615	1
7616	6
7617	2
7618	noise
7619	noise
7620	5
7621	6
7622	8
7623	5
7624	8
7625	8
7626	noise
7627	6
7628	1
7629	1
7630	6
7631	5
7632	5
7633	1
7634	8
7635	4
7636	1
7637	7
7638	5
7639	noise
7640	noise
7641	3
7642	noise
7643	6
7644	2
7645	8
7646	2
7647	4
7648	6
7649	2
7650	6
7651	8
7652	6
7653	4
7654	5
7655	1
7656	1
7657	8
7658	1
7659	2
7660	8
7661	6
7662	3
7663	5
7664	8
7665	1
7666	1
7667	2
7668	1
7669	1
7670	6
7671	2
7672	5
7673	5
7674	noise
7675	5
7676	6
7677	8
7678	5
7679	4
7680	6
7681	6
7682	8
7683	6
7684	1
7685	1
7686	8
7687	1
7688	6
7689	5
7690	6
7691	6
7692	6
7693	6
7694	8
7695	1
7696	8
7697	8
7698	2
7699	6
7700	8
7701	3
7702	noise
7703	5
7704	3
7705	noise
7706	6
7707	5
7708	2
7709	2
7710	1
7711	8
7712	5
7713	8
7714	3
7715	7
7716	1
7717	2
7718	5
7719	6
7720	6
7721	5
7722	2
7723	6
7724	1
7725	6
7726	3
7727	6
7728	1
7729	6
7730	5
7731	2
7732	1
7733	6
7734	2
7735	2
7736	1
7737	noise
7738	8
7739	3
7740	6
7741	2
7742	6
7743	2
7744	2
7745	6
7746	1
7747	6
7748	1
7749	noise
7750	2
7751	5
7752	4
7753	1
7754	6
7755	2
7756	noise
7757	1
7758	6
7759	6
7760	5
7761	5
7762	1
7763	3
7764	2
7765	5
7766	6
7767	1
7768	8
7769	noise
7770	noise
7771	1
7772	5
7773	5
7774	2
7775	noise
7776	5
7777	8
7778	5
7779	5
7780	3
7781	noise
7782	8
7783	3
7784	5
7785	8
7786	4
7787	2
7788	8
7789	6
7790	5
7791	8
7792	8
7793	8
7794	5
7795	5
7796	2
7797	8
7798	8
7799	5
7800	2
7801	2
7802	3
7803	2
7804	2
7805	1
7806	2
7807	2
7808	4
7809	6
7810	1
7811	7
7812	1
7813	2
7814	2
7815	4
7816	4
7817	5
7818	2
7819	2
7820	2
7821	6
7822	6
7823	6
7824	1
7825	6
7826	6
7827	8
7828	2
7829	1
7830	5
7831	4
7832	8
7833	2
7834	4
7835	2
7836	8
7837	8
7838	6
7839	6
7840	2
7841	8
7842	1
7843	6
7844	4
7845	8
7846	8
7847	8
7848	noise
7849	8
7850	2
7851	8
7852	2
7853	8
7854	6
7855	5
7856	5
7857	6
7858	2
7859	1
7860	5
7861	5
7862	8
7863	6
7864	5
7865	2
7866	6
7867	noise
7868	8
7869	6
7870	noise
7871	8
7872	2
7873	5
7874	8
7875	2
7876	6
7877	2
7878	6
7879	6
7880	2
7881	8
7882	5
7883	8
7884	8
7885	8
7886	1
7887	1
7888	2
7889	1
7890	7
7891	8
7892	5
7893	6
7894	2
7895	6
7896	4
7897	2
7898	6
7899	8
7900	2
7901	1
7902	5
7903	6
7904	2
7905	6
7906	6
7907	1
7908	4
7909	8
7910	2
7911	6
7912	5
7913	5
7914	2
7915	4
7916	5
7917	1
7918	2
7919	8
7920	6
7921	4
7922	5
7923	5
7924	8
7925	5
7926	8
7927	8
7928	1
7929	5
7930	5
7931	6
7932	1
7933	6
7934	1
7935	2
7936	7
7937	6
7938	8
7939	5
7940	4
7941	6
7942	6
7943	5
7944	6
7945	2
7946	2
7947	5
7948	8
7949	noise
7950	8
7951	7
7952	8
7953	6
7954	noise
7955	5
7956	8
7957	8
7958	2
7959	8
7960	1
7961	4
7962	6
7963	8
7964	6
7965	6
7966	2
7967	2
7968	6
7969	5
7970	6
7971	2
7972	6
7973	5
7974	2
7975	1
7976	8
7977	6
7978	2
7979	8
7980	2
7981	1
7982	2
7983	7
7984	2
7985	2
7986	1
7987	8
7988	8
7989	6
7990	5
7991	8
7992	5
7993	1
7994	6
7995	2
7996	8
7997	2
7998	2
7999	2
8000	1
