1	4
2	2
3	1
4	5
5	2
6	5
7	5
8	5
9	2
10	2
11	5
12	2
13	4
14	2
15	5
16	4
17	4
18	1
19	4
20	1
21	4
22	4
23	5
24	3
25	1
26	1
27	5
28	5
29	5
30	5
31	2
32	5
33	5
34	4
35	4
36	5
37	5
38	1
39	2
40	5
41	4
42	2
43	3
44	5
45	3
46	1
47	5
48	5
49	4
50	2
51	3
52	4
53	4
54	4
55	1
56	1
57	5
58	1
59	1
60	4
61	4
62	5
63	2
64	5
65	2
66	4
67	5
68	4
69	4
70	5
71	4
72	3
73	5
74	2
75	1
76	5
77	1
78	2
79	5
80	1
81	4
82	4
83	4
84	4
85	4
86	4
87	4
88	4
89	5
90	4
91	4
92	1
93	4
94	5
95	4
96	3
97	4
98	5
99	5
100	5
101	5
102	5
103	2
104	2
105	2
106	3
107	1
108	5
109	4
110	4
111	4
112	4
113	1
114	4
115	4
116	4
117	2
118	2
119	4
120	5
121	4
122	4
123	5
124	2
125	2
126	4
127	2
128	5
129	5
130	4
131	5
132	4
133	4
134	4
135	1
136	4
137	5
138	4
139	3
140	3
141	4
142	5
143	2
144	1
145	5
146	5
147	4
148	4
149	5
150	4
151	2
152	4
153	4
154	5
155	5
156	5
157	5
158	5
159	5
160	4
161	4
162	2
163	3
164	2
165	4
166	4
167	2
168	5
169	2
170	5
171	4
172	5
173	5
174	3
175	5
176	2
177	2
178	5
179	5
180	3
181	4
182	1
183	1
184	3
185	3
186	1
187	3
188	5
189	2
190	2
191	4
192	4
193	2
194	3
195	5
196	1
197	4
198	5
199	1
200	1
201	3
202	4
203	4
204	2
205	2
206	4
207	1
208	5
209	4
210	2
211	4
212	5
213	2
214	4
215	2
216	2
217	2
218	5
219	4
220	5
221	5
222	5
223	2
224	2
225	1
226	5
227	5
228	4
229	4
230	4
231	4
232	3
233	4
234	5
235	2
236	3
237	5
238	5
239	1
240	1
241	3
242	1
243	4
244	2
245	2
246	2
247	5
248	4
249	1
250	2
251	1
252	1
253	2
254	4
255	4
256	5
257	2
258	4
259	5
260	4
261	4
262	2
263	2
264	5
265	2
266	4
267	4
268	5
269	5
270	5
271	5
272	3
273	2
274	4
275	5
276	1
277	3
278	5
279	2
280	5
281	2
282	5
283	4
284	3
285	1
286	1
287	2
288	2
289	5
290	5
291	5
292	1
293	2
294	1
295	1
296	5
297	2
298	1
299	5
300	5
301	3
302	1
303	2
304	2
305	1
306	2
307	5
308	1
309	5
310	4
311	2
312	4
313	2
314	4
315	4
316	3
317	5
318	4
319	2
320	5
321	4
322	5
323	3
324	1
325	2
326	4
327	1
328	3
329	5
330	5
331	3
332	5
333	4
334	5
335	2
336	5
337	5
338	5
339	5
340	5
341	1
342	3
343	2
344	2
345	2
346	2
347	5
348	1
349	4
350	5
351	1
352	2
353	2
354	1
355	5
356	5
357	3
358	5
359	3
360	4
361	5
362	3
363	3
364	3
365	4
366	4
367	5
368	2
369	4
370	4
371	4
372	1
373	2
374	5
375	1
376	2
377	4
378	2
379	2
380	5
381	4
382	2
383	2
384	2
385	2
386	2
387	5
388	3
389	5
390	5
391	4
392	2
393	4
394	1
395	1
396	4
397	3
398	2
399	5
400	4
401	1
402	5
403	2
404	5
405	4
406	4
407	5
408	1
409	5
410	4
411	5
412	5
413	2
414	4
415	3
416	5
417	4
418	2
419	4
420	4
421	4
422	2
423	2
424	2
425	4
426	4
427	4
428	2
429	4
430	5
431	1
432	5
433	1
434	1
435	2
436	5
437	4
438	1
439	1
440	5
441	1
442	5
443	5
444	2
445	3
446	2
447	4
448	3
449	4
450	5
451	5
452	4
453	2
454	4
455	4
456	5
457	2
458	2
459	3
460	5
461	1
462	5
463	2
464	2
465	5
466	1
467	5
468	2
469	1
470	1
471	1
472	1
473	5
474	5
475	5
476	5
477	1
478	1
479	2
480	2
481	2
482	5
483	5
484	4
485	5
486	4
487	5
488	5
489	4
490	4
491	5
492	2
493	2
494	3
495	2
496	2
497	3
498	4
499	5
500	3
501	1
502	4
503	4
504	1
505	5
506	3
507	5
508	5
509	4
510	5
511	5
512	4
513	4
514	4
515	1
516	4
517	5
518	5
519	4
520	4
521	2
522	4
523	4
524	5
525	4
526	2
527	1
528	4
529	2
530	5
531	2
532	4
533	4
534	4
535	4
536	5
537	2
538	4
539	4
540	4
541	5
542	1
543	4
544	2
545	2
546	5
547	5
548	5
549	5
550	4
551	4
552	3
553	1
554	4
555	2
556	1
557	4
558	1
559	2
560	4
561	4
562	5
563	5
564	5
565	5
566	2
567	1
568	4
569	1
570	5
571	1
572	5
573	3
574	2
575	4
576	4
577	1
578	2
579	2
580	2
581	1
582	1
583	1
584	5
585	1
586	1
587	1
588	5
589	4
590	4
591	1
592	5
593	3
594	3
595	5
596	5
597	5
598	4
599	1
600	4
601	2
602	5
603	1
604	2
605	2
606	4
607	2
608	1
609	3
610	5
611	2
612	4
613	1
614	1
615	2
616	4
617	4
618	2
619	5
620	3
621	4
622	5
623	1
624	5
625	4
626	4
627	4
628	4
629	1
630	3
631	4
632	4
633	5
634	1
635	4
636	4
637	2
638	1
639	5
640	3
641	1
642	2
643	3
644	4
645	1
646	5
647	5
648	4
649	1
650	2
651	5
652	1
653	5
654	4
655	2
656	1
657	2
658	3
659	5
660	2
661	3
662	4
663	3
664	4
665	1
666	4
667	5
668	5
669	3
670	4
671	4
672	2
673	5
674	1
675	1
676	4
677	4
678	1
679	2
680	3
681	5
682	2
683	3
684	2
685	4
686	4
687	4
688	5
689	5
690	5
691	5
692	4
693	5
694	5
695	5
696	4
697	5
698	4
699	2
700	4
701	1
702	5
703	2
704	4
705	1
706	5
707	4
708	1
709	2
710	5
711	5
712	5
713	5
714	3
715	4
716	4
717	5
718	2
719	4
720	4
721	1
722	4
723	5
724	5
725	5
726	2
727	4
728	5
729	4
730	4
731	1
732	1
733	2
734	2
735	1
736	2
737	2
738	5
739	5
740	1
741	2
742	2
743	5
744	5
745	2
746	5
747	3
748	4
749	4
750	4
751	3
752	3
753	3
754	2
755	2
756	4
757	2
758	5
759	1
760	5
761	5
762	5
763	1
764	5
765	4
766	1
767	5
768	2
769	5
770	2
771	4
772	1
773	5
774	4
775	2
776	1
777	5
778	4
779	5
780	4
781	5
782	5
783	4
784	2
785	1
786	2
787	4
788	4
789	4
790	1
791	5
792	3
793	4
794	5
795	4
796	4
797	2
798	4
799	5
800	5
801	4
802	5
803	1
804	4
805	3
806	4
807	2
808	4
809	2
810	1
811	4
812	1
813	4
814	4
815	4
816	4
817	2
818	5
819	3
820	2
821	2
822	1
823	5
824	5
825	2
826	4
827	5
828	5
829	4
830	5
831	5
832	2
833	5
834	1
835	3
836	3
837	1
838	4
839	4
840	5
841	5
842	2
843	2
844	1
845	3
846	4
847	4
848	5
849	4
850	5
851	2
852	1
853	3
854	2
855	2
856	1
857	4
858	5
859	2
860	2
861	4
862	5
863	2
864	5
865	2
866	2
867	5
868	2
869	2
870	2
871	2
872	3
873	5
874	5
875	2
876	2
877	3
878	3
879	3
880	3
881	2
882	2
883	3
884	5
885	4
886	5
887	2
888	5
889	2
890	5
891	1
892	4
893	1
894	4
895	2
896	5
897	2
898	5
899	5
900	2
901	4
902	1
903	3
904	5
905	3
906	5
907	1
908	2
909	2
910	1
911	5
912	2
913	5
914	2
915	5
916	4
917	4
918	4
919	3
920	2
921	2
922	1
923	4
924	4
925	2
926	5
927	4
928	5
929	2
930	5
931	1
932	2
933	3
934	2
935	3
936	2
937	5
938	4
939	4
940	2
941	4
942	1
943	2
944	5
945	4
946	5
947	3
948	4
949	2
950	4
951	2
952	2
953	2
954	2
955	1
956	4
957	4
958	4
959	4
960	4
961	5
962	5
963	2
964	5
965	5
966	4
967	1
968	1
969	2
970	2
971	5
972	4
973	2
974	3
975	5
976	5
977	5
978	4
979	2
980	1
981	1
982	5
983	3
984	4
985	5
986	1
987	5
988	4
989	4
990	5
991	4
992	5
993	4
994	2
995	5
996	3
997	4
998	5
999	5
1000	4
1001	3
1002	2
1003	5
1004	5
1005	4
1006	2
1007	2
1008	5
1009	2
1010	1
1011	4
1012	2
1013	3
1014	2
1015	4
1016	4
1017	5
1018	5
1019	2
1020	1
1021	4
1022	5
1023	4
1024	2
1025	4
1026	5
1027	2
1028	2
1029	2
1030	2
1031	4
1032	5
1033	4
1034	4
1035	2
1036	2
1037	1
1038	3
1039	5
1040	3
1041	5
1042	4
1043	3
1044	5
1045	4
1046	4
1047	5
1048	2
1049	1
1050	4
1051	3
1052	1
1053	2
1054	4
1055	5
1056	1
1057	2
1058	5
1059	2
1060	1
1061	5
1062	5
1063	5
1064	2
1065	2
1066	4
1067	5
1068	2
1069	2
1070	2
1071	3
1072	2
1073	2
1074	2
1075	4
1076	5
1077	2
1078	1
1079	1
1080	2
1081	4
1082	2
1083	4
1084	5
1085	5
1086	4
1087	5
1088	5
1089	1
1090	5
1091	2
1092	2
1093	5
1094	2
1095	1
1096	4
1097	4
1098	3
1099	4
1100	3
1101	4
1102	2
1103	4
1104	5
1105	1
1106	2
1107	5
1108	5
1109	5
1110	1
1111	5
1112	2
1113	2
1114	2
1115	1
1116	2
1117	5
1118	2
1119	5
1120	5
1121	2
1122	2
1123	5
1124	5
1125	5
1126	2
1127	5
1128	2
1129	1
1130	4
1131	2
1132	2
1133	4
1134	3
1135	5
1136	1
1137	3
1138	5
1139	5
1140	2
1141	1
1142	2
1143	1
1144	3
1145	4
1146	3
1147	5
1148	5
1149	5
1150	5
1151	2
1152	5
1153	2
1154	5
1155	5
1156	5
1157	2
1158	1
1159	2
1160	5
1161	1
1162	4
1163	2
1164	2
1165	2
1166	5
1167	2
1168	5
1169	3
1170	5
1171	4
1172	2
1173	5
1174	4
1175	1
1176	5
1177	2
1178	5
1179	2
1180	5
1181	2
1182	4
1183	5
1184	1
1185	3
1186	1
1187	5
1188	3
1189	3
1190	4
1191	5
1192	3
1193	2
1194	3
1195	5
1196	3
1197	4
1198	5
1199	3
1200	3
1201	3
1202	5
1203	3
1204	3
1205	1
1206	1
1207	4
1208	2
1209	5
1210	4
1211	5
1212	5
1213	5
1214	5
1215	4
1216	2
1217	2
1218	2
1219	5
1220	2
1221	1
1222	5
1223	2
1224	5
1225	3
1226	5
1227	2
1228	5
1229	4
1230	5
1231	1
1232	2
1233	4
1234	1
1235	5
1236	3
1237	5
1238	2
1239	1
1240	1
1241	5
1242	4
1243	1
1244	2
1245	2
1246	2
1247	3
1248	5
1249	2
1250	5
1251	5
1252	5
1253	4
1254	2
1255	1
1256	2
1257	4
1258	4
1259	4
1260	4
1261	5
1262	2
1263	2
1264	3
1265	2
1266	1
1267	4
1268	1
1269	5
1270	1
1271	3
1272	4
1273	1
1274	2
1275	4
1276	3
1277	4
1278	2
1279	4
1280	5
1281	4
1282	4
1283	2
1284	5
1285	5
1286	4
1287	4
1288	1
1289	5
1290	5
1291	3
1292	1
1293	5
1294	1
1295	4
1296	4
1297	1
1298	4
1299	4
1300	3
1301	3
1302	5
1303	4
1304	4
1305	5
1306	2
1307	4
1308	4
1309	5
1310	1
1311	1
1312	2
1313	2
1314	3
1315	4
1316	1
1317	1
1318	5
1319	5
1320	4
1321	4
1322	4
1323	5
1324	1
1325	1
1326	1
1327	4
1328	3
1329	4
1330	4
1331	2
1332	2
1333	5
1334	5
1335	2
1336	4
1337	1
1338	1
1339	5
1340	5
1341	5
1342	4
1343	2
1344	5
1345	2
1346	5
1347	5
1348	3
1349	5
1350	4
1351	2
1352	4
1353	4
1354	1
1355	4
1356	5
1357	4
1358	1
1359	5
1360	5
1361	5
1362	4
1363	1
1364	5
1365	2
1366	3
1367	5
1368	2
1369	2
1370	2
1371	4
1372	2
1373	1
1374	4
1375	2
1376	4
1377	4
1378	2
1379	2
1380	1
1381	4
1382	4
1383	3
1384	2
1385	5
1386	2
1387	5
1388	4
1389	2
1390	5
1391	4
1392	2
1393	1
1394	5
1395	5
1396	5
1397	5
1398	4
1399	4
1400	2
1401	4
1402	5
1403	1
1404	4
1405	5
1406	1
1407	1
1408	4
1409	1
1410	5
1411	4
1412	4
1413	4
1414	1
1415	2
1416	5
1417	5
1418	5
1419	3
1420	4
1421	4
1422	5
1423	4
1424	4
1425	5
1426	5
1427	1
1428	5
1429	4
1430	4
1431	5
1432	5
1433	3
1434	2
1435	5
1436	4
1437	2
1438	5
1439	4
1440	3
1441	4
1442	1
1443	4
1444	1
1445	1
1446	5
1447	4
1448	4
1449	5
1450	5
1451	5
1452	4
1453	5
1454	4
1455	4
1456	5
1457	1
1458	5
1459	4
1460	3
1461	3
1462	5
1463	1
1464	3
1465	4
1466	5
1467	2
1468	4
1469	4
1470	5
1471	4
1472	1
1473	2
1474	4
1475	4
1476	5
1477	4
1478	4
1479	1
1480	3
1481	4
1482	2
1483	2
1484	4
1485	4
1486	4
1487	2
1488	3
1489	2
1490	2
1491	4
1492	4
1493	3
1494	5
1495	2
1496	1
1497	1
1498	4
1499	3
1500	5
1501	4
1502	1
1503	2
1504	4
1505	1
1506	5
1507	5
1508	2
1509	5
1510	5
1511	4
1512	4
1513	5
1514	2
1515	5
1516	1
1517	4
1518	3
1519	4
1520	4
1521	2
1522	4
1523	2
1524	5
1525	5
1526	5
1527	5
1528	2
1529	4
1530	4
1531	5
1532	4
1533	4
1534	2
1535	2
1536	4
1537	1
1538	4
1539	5
1540	2
1541	1
1542	2
1543	3
1544	2
1545	3
1546	1
1547	5
1548	2
1549	5
1550	1
1551	3
1552	2
1553	2
1554	2
1555	4
1556	4
1557	4
1558	5
1559	4
1560	4
1561	4
1562	5
1563	2
1564	4
1565	2
1566	5
1567	5
1568	4
1569	4
1570	1
1571	5
1572	4
1573	5
1574	5
1575	2
1576	2
1577	5
1578	2
1579	4
1580	3
1581	3
1582	4
1583	4
1584	4
1585	4
1586	3
1587	1
1588	5
1589	4
1590	2
1591	5
1592	5
1593	2
1594	4
1595	5
1596	2
1597	1
1598	2
1599	4
1600	4
1601	4
1602	4
1603	2
1604	2
1605	5
1606	4
1607	5
1608	4
1609	5
1610	4
1611	5
1612	2
1613	4
1614	4
1615	4
1616	4
1617	4
1618	3
1619	5
1620	5
1621	5
1622	1
1623	5
1624	5
1625	5
1626	5
1627	2
1628	4
1629	5
1630	4
1631	5
1632	4
1633	5
1634	1
1635	2
1636	5
1637	2
1638	5
1639	2
1640	5
1641	5
1642	1
1643	5
1644	4
1645	5
1646	4
1647	1
1648	1
1649	4
1650	2
1651	4
1652	4
1653	5
1654	2
1655	4
1656	4
1657	2
1658	3
1659	3
1660	5
1661	2
1662	5
1663	1
1664	4
1665	3
1666	2
1667	3
1668	4
1669	2
1670	1
1671	2
1672	5
1673	5
1674	5
1675	2
1676	3
1677	4
1678	5
1679	5
1680	5
1681	1
1682	2
1683	4
1684	4
1685	5
1686	4
1687	5
1688	4
1689	2
1690	4
1691	4
1692	4
1693	4
1694	4
1695	5
1696	5
1697	5
1698	4
1699	3
1700	2
1701	4
1702	2
1703	4
1704	2
1705	5
1706	5
1707	2
1708	5
1709	1
1710	1
1711	1
1712	2
1713	2
1714	3
1715	1
1716	5
1717	3
1718	4
1719	2
1720	1
1721	4
1722	1
1723	1
1724	5
1725	2
1726	5
1727	1
1728	1
1729	1
1730	2
1731	1
1732	1
1733	2
1734	3
1735	3
1736	5
1737	5
1738	5
1739	5
1740	2
1741	5
1742	2
1743	4
1744	5
1745	2
1746	2
1747	3
1748	5
1749	2
1750	4
1751	2
1752	2
1753	2
1754	1
1755	5
1756	2
1757	1
1758	2
1759	4
1760	4
1761	5
1762	4
1763	2
1764	5
1765	2
1766	4
1767	5
1768	5
1769	4
1770	4
1771	1
1772	2
1773	2
1774	4
1775	2
1776	4
1777	1
1778	4
1779	4
1780	2
1781	5
1782	2
1783	4
1784	5
1785	4
1786	5
1787	1
1788	1
1789	2
1790	5
1791	5
1792	5
1793	4
1794	1
1795	2
1796	5
1797	4
1798	3
1799	1
1800	2
1801	5
1802	4
1803	1
1804	2
1805	1
1806	2
1807	2
1808	2
1809	1
1810	1
1811	5
1812	4
1813	4
1814	4
1815	3
1816	4
1817	4
1818	1
1819	5
1820	4
1821	5
1822	2
1823	4
1824	5
1825	5
1826	4
1827	2
1828	5
1829	2
1830	2
1831	5
1832	2
1833	2
1834	1
1835	4
1836	3
1837	4
1838	1
1839	4
1840	1
1841	5
1842	5
1843	5
1844	4
1845	4
1846	5
1847	4
1848	3
1849	5
1850	2
1851	1
1852	5
1853	5
1854	5
1855	1
1856	2
1857	1
1858	2
1859	5
1860	5
1861	4
1862	2
1863	3
1864	5
1865	1
1866	4
1867	3
1868	1
1869	3
1870	4
1871	4
1872	5
1873	5
1874	5
1875	1
1876	4
1877	4
1878	3
1879	2
1880	2
1881	4
1882	1
1883	4
1884	5
1885	2
1886	2
1887	2
1888	4
1889	4
1890	2
1891	2
1892	4
1893	1
1894	3
1895	4
1896	3
1897	2
1898	4
1899	2
1900	2
1901	1
1902	4
1903	4
1904	4
1905	1
1906	1
1907	1
1908	4
1909	4
1910	5
1911	4
1912	5
1913	3
1914	5
1915	4
1916	4
1917	3
1918	5
1919	5
1920	5
1921	4
1922	1
1923	2
1924	5
1925	1
1926	1
1927	3
1928	4
1929	1
1930	5
1931	5
1932	4
1933	1
1934	1
1935	5
1936	1
1937	1
1938	2
1939	1
1940	5
1941	4
1942	4
1943	4
1944	4
1945	5
1946	5
1947	1
1948	5
1949	4
1950	2
1951	2
1952	5
1953	1
1954	1
1955	1
1956	4
1957	5
1958	5
1959	2
1960	5
1961	2
1962	3
1963	4
1964	4
1965	5
1966	5
1967	3
1968	2
1969	2
1970	2
1971	2
1972	5
1973	2
1974	2
1975	2
1976	2
1977	3
1978	5
1979	5
1980	2
1981	2
1982	2
1983	2
1984	4
1985	5
1986	1
1987	2
1988	2
1989	2
1990	2
1991	1
1992	2
1993	4
1994	2
1995	5
1996	5
1997	5
1998	4
1999	5
2000	1
2001	5
2002	5
2003	5
2004	4
2005	3
2006	3
2007	2
2008	3
2009	2
2010	3
2011	3
2012	1
2013	2
2014	5
2015	2
2016	2
2017	2
2018	5
2019	5
2020	2
2021	5
2022	1
2023	3
2024	5
2025	5
2026	2
2027	1
2028	4
2029	2
2030	4
2031	2
2032	2
2033	2
2034	5
2035	4
2036	1
2037	2
2038	1
2039	2
2040	5
2041	2
2042	1
2043	5
2044	5
2045	5
2046	3
2047	4
2048	4
2049	4
2050	5
2051	2
2052	2
2053	5
2054	3
2055	4
2056	1
2057	5
2058	5
2059	2
2060	5
2061	4
2062	3
2063	5
2064	4
2065	1
2066	2
2067	5
2068	5
2069	5
2070	4
2071	4
2072	4
2073	2
2074	2
2075	4
2076	5
2077	4
2078	5
2079	2
2080	4
2081	4
2082	5
2083	4
2084	5
2085	5
2086	1
2087	5
2088	2
2089	2
2090	3
2091	5
2092	5
2093	4
2094	5
2095	3
2096	3
2097	5
2098	2
2099	2
2100	4
2101	2
2102	2
2103	2
2104	2
2105	4
2106	5
2107	4
2108	4
2109	5
2110	4
2111	1
2112	5
2113	4
2114	4
2115	4
2116	2
2117	4
2118	2
2119	2
2120	4
2121	5
2122	4
2123	2
2124	4
2125	1
2126	5
2127	5
2128	1
2129	4
2130	4
2131	2
2132	2
2133	2
2134	1
2135	2
2136	4
2137	4
2138	4
2139	2
2140	4
2141	4
2142	1
2143	5
2144	5
2145	2
2146	4
2147	4
2148	5
2149	5
2150	5
2151	5
2152	5
2153	5
2154	5
2155	5
2156	3
2157	4
2158	2
2159	2
2160	2
2161	5
2162	2
2163	4
2164	2
2165	5
2166	2
2167	5
2168	3
2169	3
2170	1
2171	2
2172	4
2173	4
2174	4
2175	5
2176	1
2177	5
2178	5
2179	4
2180	4
2181	5
2182	4
2183	5
2184	5
2185	2
2186	2
2187	4
2188	4
2189	5
2190	5
2191	4
2192	2
2193	4
2194	4
2195	4
2196	1
2197	4
2198	2
2199	3
2200	2
2201	4
2202	1
2203	5
2204	2
2205	4
2206	4
2207	4
2208	4
2209	4
2210	2
2211	2
2212	5
2213	5
2214	5
2215	4
2216	5
2217	5
2218	5
2219	5
2220	4
2221	3
2222	1
2223	5
2224	5
2225	2
2226	5
2227	5
2228	5
2229	2
2230	2
2231	5
2232	1
2233	2
2234	1
2235	1
2236	5
2237	2
2238	4
2239	5
2240	4
2241	4
2242	2
2243	3
2244	1
2245	5
2246	2
2247	2
2248	2
2249	1
2250	4
2251	2
2252	5
2253	4
2254	2
2255	4
2256	4
2257	4
2258	5
2259	1
2260	5
2261	4
2262	3
2263	5
2264	4
2265	1
2266	1
2267	3
2268	5
2269	2
2270	4
2271	1
2272	4
2273	4
2274	5
2275	2
2276	5
2277	5
2278	4
2279	3
2280	2
2281	1
2282	4
2283	5
2284	5
2285	5
2286	2
2287	4
2288	5
2289	4
2290	5
2291	2
2292	4
2293	5
2294	5
2295	5
2296	5
2297	4
2298	5
2299	1
2300	5
2301	4
2302	5
2303	5
2304	2
2305	1
2306	1
2307	4
2308	3
2309	1
2310	4
2311	5
2312	4
2313	2
2314	4
2315	4
2316	1
2317	5
2318	5
2319	1
2320	2
2321	1
2322	4
2323	3
2324	2
2325	4
2326	5
2327	5
2328	2
2329	2
2330	1
2331	1
2332	2
2333	2
2334	4
2335	5
2336	3
2337	2
2338	5
2339	5
2340	5
2341	1
2342	4
2343	4
2344	4
2345	4
2346	4
2347	2
2348	5
2349	4
2350	2
2351	1
2352	5
2353	1
2354	5
2355	2
2356	5
2357	2
2358	2
2359	4
2360	2
2361	1
2362	1
2363	2
2364	5
2365	1
2366	2
2367	5
2368	5
2369	5
2370	5
2371	4
2372	2
2373	5
2374	4
2375	5
2376	4
2377	5
2378	1
2379	5
2380	5
2381	2
2382	4
2383	2
2384	4
2385	2
2386	3
2387	4
2388	5
2389	4
2390	4
2391	5
2392	3
2393	5
2394	4
2395	5
2396	5
2397	5
2398	1
2399	5
2400	2
2401	4
2402	5
2403	5
2404	4
2405	4
2406	5
2407	5
2408	4
2409	2
2410	5
2411	5
2412	2
2413	4
2414	2
2415	2
2416	2
2417	2
2418	4
2419	3
2420	5
2421	4
2422	4
2423	2
2424	2
2425	3
2426	4
2427	5
2428	5
2429	5
2430	2
2431	2
2432	2
2433	2
2434	4
2435	4
2436	5
2437	3
2438	2
2439	2
2440	2
2441	5
2442	2
2443	2
2444	2
2445	1
2446	2
2447	3
2448	2
2449	2
2450	4
2451	4
2452	2
2453	3
2454	4
2455	3
2456	5
2457	5
2458	2
2459	2
2460	3
2461	2
2462	1
2463	5
2464	3
2465	4
2466	5
2467	4
2468	2
2469	5
2470	2
2471	5
2472	4
2473	5
2474	1
2475	5
2476	5
2477	3
2478	5
2479	5
2480	5
2481	2
2482	2
2483	5
2484	2
2485	2
2486	2
2487	2
2488	4
2489	5
2490	1
2491	2
2492	2
2493	4
2494	2
2495	4
2496	2
2497	1
2498	1
2499	5
2500	4
2501	2
2502	4
2503	4
2504	1
2505	4
2506	5
2507	2
2508	5
2509	4
2510	4
2511	2
2512	3
2513	5
2514	1
2515	5
2516	4
2517	1
2518	1
2519	5
2520	2
2521	3
2522	4
2523	3
2524	5
2525	5
2526	4
2527	4
2528	4
2529	4
2530	2
2531	1
2532	5
2533	5
2534	4
2535	1
2536	5
2537	4
2538	5
2539	2
2540	3
2541	4
2542	2
2543	4
2544	5
2545	5
2546	4
2547	3
2548	5
2549	2
2550	2
2551	4
2552	5
2553	5
2554	3
2555	5
2556	4
2557	2
2558	1
2559	1
2560	1
2561	3
2562	1
2563	1
2564	1
2565	5
2566	3
2567	3
2568	3
2569	4
2570	5
2571	4
2572	5
2573	2
2574	2
2575	5
2576	5
2577	4
2578	5
2579	3
2580	4
2581	2
2582	4
2583	1
2584	5
2585	1
2586	4
2587	4
2588	5
2589	5
2590	2
2591	3
2592	5
2593	2
2594	3
2595	5
2596	4
2597	1
2598	3
2599	4
2600	2
2601	5
2602	2
2603	2
2604	4
2605	3
2606	5
2607	5
2608	4
2609	2
2610	4
2611	2
2612	2
2613	2
2614	4
2615	4
2616	4
2617	2
2618	2
2619	5
2620	3
2621	2
2622	4
2623	5
2624	3
2625	2
2626	1
2627	5
2628	3
2629	4
2630	5
2631	5
2632	4
2633	2
2634	1
2635	2
2636	5
2637	2
2638	4
2639	2
2640	2
2641	4
2642	2
2643	1
2644	4
2645	2
2646	5
2647	4
2648	2
2649	4
2650	5
2651	5
2652	4
2653	4
2654	5
2655	2
2656	4
2657	5
2658	5
2659	5
2660	2
2661	2
2662	4
2663	4
2664	2
2665	5
2666	4
2667	2
2668	4
2669	1
2670	5
2671	2
2672	3
2673	5
2674	5
2675	4
2676	4
2677	5
2678	5
2679	4
2680	5
2681	5
2682	5
2683	5
2684	3
2685	4
2686	5
2687	5
2688	4
2689	5
2690	5
2691	5
2692	3
2693	4
2694	2
2695	1
2696	5
2697	5
2698	3
2699	4
2700	2
2701	5
2702	2
2703	5
2704	2
2705	3
2706	4
2707	4
2708	1
2709	5
2710	2
2711	4
2712	5
2713	2
2714	4
2715	4
2716	5
2717	5
2718	3
2719	2
2720	5
2721	4
2722	3
2723	4
2724	2
2725	3
2726	4
2727	4
2728	5
2729	1
2730	1
2731	5
2732	4
2733	5
2734	4
2735	1
2736	5
2737	2
2738	1
2739	4
2740	4
2741	1
2742	4
2743	1
2744	4
2745	5
2746	2
2747	1
2748	4
2749	3
2750	3
2751	3
2752	2
2753	5
2754	2
2755	3
2756	5
2757	3
2758	1
2759	2
2760	2
2761	4
2762	4
2763	1
2764	4
2765	4
2766	5
2767	5
2768	2
2769	4
2770	5
2771	1
2772	5
2773	2
2774	4
2775	5
2776	2
2777	2
2778	4
2779	1
2780	1
2781	2
2782	2
2783	2
2784	1
2785	5
2786	1
2787	2
2788	5
2789	2
2790	4
2791	4
2792	2
2793	5
2794	2
2795	4
2796	4
2797	1
2798	4
2799	4
2800	4
2801	2
2802	2
2803	5
2804	5
2805	4
2806	4
2807	2
2808	2
2809	5
2810	5
2811	5
2812	3
2813	2
2814	2
2815	3
2816	2
2817	3
2818	4
2819	4
2820	3
2821	1
2822	5
2823	2
2824	3
2825	2
2826	2
2827	3
2828	4
2829	5
2830	5
2831	4
2832	2
2833	4
2834	4
2835	4
2836	4
2837	2
2838	5
2839	4
2840	3
2841	4
2842	5
2843	5
2844	2
2845	4
2846	5
2847	4
2848	5
2849	5
2850	5
2851	5
2852	5
2853	4
2854	5
2855	3
2856	1
2857	3
2858	5
2859	5
2860	2
2861	4
2862	2
2863	4
2864	3
2865	4
2866	3
2867	1
2868	5
2869	5
2870	4
2871	5
2872	5
2873	1
2874	1
2875	1
2876	4
2877	2
2878	4
2879	4
2880	1
2881	3
2882	2
2883	2
2884	5
2885	2
2886	1
2887	2
2888	1
2889	4
2890	4
2891	2
2892	2
2893	5
2894	4
2895	4
2896	2
2897	4
2898	4
2899	5
2900	3
2901	5
2902	4
2903	5
2904	1
2905	2
2906	1
2907	1
2908	4
2909	3
2910	4
2911	4
2912	1
2913	3
2914	4
2915	4
2916	4
2917	3
2918	5
2919	2
2920	2
2921	5
2922	1
2923	1
2924	5
2925	2
2926	5
2927	5
2928	5
2929	5
2930	2
2931	2
2932	4
2933	5
2934	2
2935	4
2936	2
2937	5
2938	4
2939	4
2940	1
2941	5
2942	5
2943	1
2944	1
2945	4
2946	4
2947	1
2948	4
2949	3
2950	2
2951	3
2952	4
2953	3
2954	1
2955	4
2956	4
2957	2
2958	4
2959	4
2960	5
2961	3
2962	4
2963	4
2964	5
2965	4
2966	4
2967	4
2968	2
2969	1
2970	1
2971	4
2972	5
2973	5
2974	4
2975	3
2976	3
2977	3
2978	3
2979	3
2980	2
2981	1
2982	5
2983	1
2984	2
2985	5
2986	3
2987	2
2988	1
2989	1
2990	2
2991	2
2992	2
2993	5
2994	2
2995	5
2996	5
2997	2
2998	4
2999	4
3000	2
3001	2
3002	4
3003	2
3004	2
3005	4
3006	5
3007	5
3008	3
3009	5
3010	1
3011	1
3012	5
3013	2
3014	3
3015	4
3016	3
3017	4
3018	4
3019	5
3020	2
3021	4
3022	2
3023	4
3024	3
3025	2
3026	4
3027	4
3028	2
3029	5
3030	3
3031	2
3032	1
3033	5
3034	2
3035	2
3036	2
3037	1
3038	2
3039	3
3040	4
3041	5
3042	3
3043	5
3044	5
3045	2
3046	4
3047	2
3048	4
3049	4
3050	1
3051	4
3052	5
3053	3
3054	4
3055	5
3056	4
3057	4
3058	4
3059	5
3060	3
3061	5
3062	5
3063	5
3064	2
3065	4
3066	4
3067	5
3068	5
3069	3
3070	4
3071	4
3072	3
3073	3
3074	5
3075	4
3076	4
3077	5
3078	3
3079	4
3080	3
3081	1
3082	3
3083	3
3084	2
3085	5
3086	5
3087	2
3088	5
3089	2
3090	5
3091	2
3092	5
3093	2
3094	2
3095	5
3096	1
3097	4
3098	4
3099	1
3100	5
3101	1
3102	5
3103	1
3104	3
3105	3
3106	1
3107	5
3108	4
3109	1
3110	2
3111	2
3112	3
3113	5
3114	2
3115	1
3116	2
3117	5
3118	2
3119	2
3120	2
3121	5
3122	4
3123	3
3124	5
3125	5
3126	4
3127	4
3128	2
3129	5
3130	3
3131	4
3132	3
3133	2
3134	4
3135	2
3136	4
3137	4
3138	2
3139	5
3140	4
3141	4
3142	2
3143	1
3144	5
3145	1
3146	5
3147	5
3148	5
3149	4
3150	2
3151	4
3152	5
3153	1
3154	2
3155	1
3156	1
3157	5
3158	4
3159	5
3160	4
3161	5
3162	3
3163	4
3164	4
3165	5
3166	5
3167	2
3168	5
3169	5
3170	5
3171	5
3172	5
3173	4
3174	5
3175	5
3176	4
3177	5
3178	1
3179	4
3180	2
3181	4
3182	1
3183	1
3184	1
3185	4
3186	3
3187	2
3188	5
3189	2
3190	4
3191	4
3192	4
3193	2
3194	5
3195	5
3196	5
3197	4
3198	2
3199	5
3200	4
3201	2
3202	4
3203	4
3204	2
3205	4
3206	3
3207	4
3208	1
3209	4
3210	1
3211	2
3212	1
3213	4
3214	5
3215	4
3216	4
3217	5
3218	4
3219	4
3220	2
3221	4
3222	4
3223	4
3224	4
3225	2
3226	5
3227	2
3228	5
3229	5
3230	2
3231	1
3232	1
3233	5
3234	1
3235	4
3236	4
3237	5
3238	5
3239	1
3240	1
3241	1
3242	1
3243	1
3244	5
3245	4
3246	4
3247	4
3248	1
3249	4
3250	4
3251	5
3252	4
3253	4
3254	5
3255	5
3256	4
3257	4
3258	1
3259	2
3260	5
3261	2
3262	3
3263	2
3264	4
3265	3
3266	2
3267	2
3268	2
3269	2
3270	5
3271	1
3272	5
3273	4
3274	3
3275	1
3276	5
3277	5
3278	4
3279	1
3280	1
3281	1
3282	1
3283	5
3284	4
3285	5
3286	5
3287	5
3288	2
3289	4
3290	2
3291	3
3292	3
3293	4
3294	5
3295	5
3296	2
3297	2
3298	4
3299	4
3300	5
3301	4
3302	5
3303	5
3304	5
3305	2
3306	4
3307	2
3308	2
3309	5
3310	1
3311	4
3312	3
3313	4
3314	4
3315	2
3316	5
3317	2
3318	5
3319	4
3320	1
3321	4
3322	1
3323	3
3324	3
3325	5
3326	5
3327	5
3328	4
3329	2
3330	2
3331	4
3332	5
3333	1
3334	3
3335	3
3336	1
3337	4
3338	2
3339	4
3340	4
3341	4
3342	4
3343	4
3344	3
3345	2
3346	4
3347	5
3348	4
3349	1
3350	2
3351	2
3352	1
3353	2
3354	2
3355	1
3356	2
3357	4
3358	4
3359	2
3360	4
3361	1
3362	1
3363	1
3364	2
3365	5
3366	2
3367	3
3368	1
3369	4
3370	3
3371	2
3372	1
3373	4
3374	1
3375	4
3376	2
3377	5
3378	4
3379	4
3380	2
3381	5
3382	3
3383	2
3384	2
3385	2
3386	5
3387	3
3388	1
3389	2
3390	4
3391	3
3392	2
3393	4
3394	2
3395	5
3396	2
3397	2
3398	5
3399	2
3400	4
3401	5
3402	5
3403	5
3404	1
3405	2
3406	5
3407	5
3408	5
3409	5
3410	4
3411	5
3412	5
3413	1
3414	4
3415	1
3416	2
3417	4
3418	5
3419	4
3420	2
3421	4
3422	4
3423	3
3424	5
3425	5
3426	4
3427	5
3428	4
3429	2
3430	5
3431	2
3432	2
3433	4
3434	4
3435	5
3436	5
3437	2
3438	4
3439	2
3440	5
3441	2
3442	2
3443	1
3444	3
3445	2
3446	2
3447	5
3448	5
3449	5
3450	5
3451	4
3452	4
3453	5
3454	5
3455	4
3456	5
3457	5
3458	5
3459	2
3460	2
3461	3
3462	5
3463	3
3464	4
3465	5
3466	4
3467	5
3468	2
3469	3
3470	4
3471	5
3472	2
3473	4
3474	5
3475	5
3476	4
3477	5
3478	1
3479	4
3480	4
3481	4
3482	1
3483	2
3484	2
3485	4
3486	5
3487	4
3488	2
3489	5
3490	5
3491	2
3492	1
3493	1
3494	4
3495	5
3496	2
3497	4
3498	2
3499	5
3500	2
3501	3
3502	4
3503	2
3504	5
3505	4
3506	4
3507	5
3508	5
3509	3
3510	4
3511	2
3512	2
3513	2
3514	2
3515	5
3516	4
3517	1
3518	1
3519	5
3520	2
3521	3
3522	2
3523	1
3524	5
3525	4
3526	3
3527	5
3528	2
3529	2
3530	3
3531	4
3532	5
3533	1
3534	2
3535	2
3536	4
3537	4
3538	1
3539	2
3540	4
3541	2
3542	2
3543	4
3544	2
3545	5
3546	4
3547	2
3548	4
3549	1
3550	3
3551	2
3552	1
3553	1
3554	4
3555	2
3556	5
3557	4
3558	5
3559	3
3560	1
3561	4
3562	2
3563	4
3564	5
3565	5
3566	5
3567	3
3568	5
3569	5
3570	2
3571	1
3572	1
3573	4
3574	5
3575	1
3576	1
3577	2
3578	4
3579	2
3580	2
3581	4
3582	5
3583	1
3584	2
3585	3
3586	5
3587	4
3588	5
3589	5
3590	4
3591	4
3592	2
3593	4
3594	1
3595	3
3596	4
3597	5
3598	4
3599	2
3600	1
3601	1
3602	2
3603	4
3604	4
3605	5
3606	5
3607	1
3608	4
3609	5
3610	5
3611	4
3612	4
3613	3
3614	2
3615	4
3616	4
3617	2
3618	2
3619	4
3620	4
3621	2
3622	5
3623	4
3624	3
3625	5
3626	4
3627	2
3628	2
3629	2
3630	2
3631	2
3632	2
3633	5
3634	4
3635	5
3636	5
3637	5
3638	4
3639	2
3640	2
3641	2
3642	5
3643	3
3644	5
3645	2
3646	3
3647	3
3648	4
3649	5
3650	4
3651	5
3652	1
3653	2
3654	3
3655	5
3656	4
3657	5
3658	5
3659	2
3660	2
3661	3
3662	4
3663	2
3664	5
3665	4
3666	3
3667	5
3668	2
3669	1
3670	2
3671	2
3672	5
3673	5
3674	2
3675	2
3676	2
3677	5
3678	2
3679	2
3680	2
3681	3
3682	1
3683	4
3684	1
3685	4
3686	5
3687	2
3688	4
3689	1
3690	5
3691	3
3692	1
3693	2
3694	3
3695	4
3696	2
3697	4
3698	3
3699	3
3700	2
3701	1
3702	4
3703	3
3704	2
3705	4
3706	4
3707	5
3708	2
3709	4
3710	4
3711	4
3712	2
3713	5
3714	1
3715	2
3716	2
3717	5
3718	4
3719	2
3720	3
3721	3
3722	4
3723	5
3724	5
3725	5
3726	5
3727	4
3728	2
3729	2
3730	4
3731	5
3732	2
3733	4
3734	2
3735	5
3736	5
3737	4
3738	2
3739	4
3740	3
3741	2
3742	4
3743	4
3744	2
3745	5
3746	4
3747	5
3748	1
3749	4
3750	3
3751	4
3752	2
3753	4
3754	3
3755	3
3756	5
3757	2
3758	4
3759	5
3760	4
3761	1
3762	4
3763	2
3764	5
3765	5
3766	4
3767	2
3768	2
3769	2
3770	4
3771	5
3772	2
3773	5
3774	1
3775	5
3776	3
3777	1
3778	2
3779	4
3780	2
3781	4
3782	1
3783	3
3784	4
3785	4
3786	2
3787	3
3788	5
3789	5
3790	5
3791	5
3792	3
3793	3
3794	4
3795	1
3796	5
3797	5
3798	3
3799	2
3800	4
3801	1
3802	4
3803	5
3804	4
3805	1
3806	2
3807	1
3808	4
3809	2
3810	4
3811	5
3812	4
3813	1
3814	5
3815	4
3816	4
3817	4
3818	2
3819	2
3820	5
3821	5
3822	1
3823	4
3824	4
3825	4
3826	2
3827	2
3828	2
3829	1
3830	5
3831	4
3832	5
3833	3
3834	3
3835	3
3836	4
3837	4
3838	1
3839	5
3840	3
3841	4
3842	4
3843	1
3844	2
3845	2
3846	2
3847	5
3848	2
3849	5
3850	5
3851	2
3852	4
3853	5
3854	4
3855	5
3856	5
3857	2
3858	5
3859	1
3860	2
3861	5
3862	4
3863	4
3864	4
3865	2
3866	1
3867	4
3868	5
3869	1
3870	5
3871	1
3872	3
3873	2
3874	4
3875	4
3876	1
3877	4
3878	5
3879	3
3880	5
3881	5
3882	5
3883	4
3884	4
3885	2
3886	5
3887	5
3888	5
3889	5
3890	3
3891	4
3892	3
3893	5
3894	3
3895	3
3896	5
3897	5
3898	4
3899	5
3900	5
3901	4
3902	2
3903	2
3904	4
3905	2
3906	2
3907	4
3908	2
3909	2
3910	4
3911	2
3912	1
3913	4
3914	4
3915	4
3916	5
3917	4
3918	5
3919	3
3920	3
3921	1
3922	5
3923	5
3924	5
3925	5
3926	2
3927	4
3928	3
3929	5
3930	5
3931	2
3932	2
3933	5
3934	4
3935	5
3936	1
3937	2
3938	2
3939	5
3940	5
3941	4
3942	4
3943	5
3944	5
3945	2
3946	2
3947	5
3948	2
3949	5
3950	5
3951	5
3952	4
3953	5
3954	5
3955	5
3956	5
3957	4
3958	2
3959	5
3960	2
3961	5
3962	2
3963	2
3964	3
3965	3
3966	4
3967	1
3968	5
3969	2
3970	5
3971	2
3972	4
3973	5
3974	5
3975	5
3976	2
3977	4
3978	2
3979	1
3980	2
3981	5
3982	2
3983	5
3984	5
3985	2
3986	1
3987	2
3988	3
3989	1
3990	5
3991	4
3992	4
3993	2
3994	2
3995	2
3996	5
3997	2
3998	4
3999	5
4000	4
4001	4
4002	2
4003	2
4004	2
4005	4
4006	4
4007	5
4008	5
4009	2
4010	2
4011	4
4012	2
4013	1
4014	2
4015	2
4016	5
4017	5
4018	2
4019	5
4020	3
4021	4
4022	5
4023	2
4024	5
4025	2
4026	5
4027	2
4028	4
4029	2
4030	3
4031	4
4032	4
4033	5
4034	2
4035	5
4036	2
4037	4
4038	5
4039	4
4040	5
4041	4
4042	2
4043	2
4044	2
4045	4
4046	4
4047	2
4048	5
4049	2
4050	5
4051	2
4052	4
4053	5
4054	2
4055	5
4056	2
4057	2
4058	3
4059	5
4060	5
4061	2
4062	2
4063	3
4064	2
4065	2
4066	2
4067	4
4068	5
4069	5
4070	5
4071	1
4072	4
4073	5
4074	5
4075	2
4076	2
4077	5
4078	2
4079	4
4080	1
4081	4
4082	5
4083	5
4084	2
4085	5
4086	4
4087	4
4088	2
4089	2
4090	2
4091	3
4092	4
4093	5
4094	5
4095	4
4096	5
4097	4
4098	2
4099	1
4100	2
4101	5
4102	4
4103	4
4104	1
4105	2
4106	2
4107	3
4108	2
4109	2
4110	5
4111	4
4112	3
4113	4
4114	4
4115	5
4116	1
4117	2
4118	3
4119	4
4120	4
4121	2
4122	3
4123	5
4124	1
4125	1
4126	3
4127	3
4128	5
4129	2
4130	1
4131	5
4132	5
4133	3
4134	5
4135	2
4136	5
4137	1
4138	5
4139	4
4140	5
4141	2
4142	5
4143	5
4144	5
4145	1
4146	4
4147	5
4148	5
4149	5
4150	2
4151	4
4152	5
4153	4
4154	4
4155	1
4156	1
4157	5
4158	5
4159	5
4160	5
4161	1
4162	4
4163	3
4164	4
4165	4
4166	4
4167	4
4168	5
4169	5
4170	5
4171	5
4172	5
4173	4
4174	5
4175	5
4176	5
4177	4
4178	3
4179	1
4180	1
4181	3
4182	4
4183	4
4184	4
4185	4
4186	5
4187	4
4188	5
4189	5
4190	2
4191	5
4192	4
4193	5
4194	2
4195	2
4196	2
4197	4
4198	5
4199	3
4200	1
4201	2
4202	2
4203	4
4204	2
4205	4
4206	2
4207	5
4208	5
4209	4
4210	2
4211	2
4212	4
4213	5
4214	2
4215	4
4216	4
4217	4
4218	1
4219	5
4220	5
4221	5
4222	4
4223	2
4224	2
4225	4
4226	2
4227	2
4228	5
4229	4
4230	1
4231	5
4232	4
4233	5
4234	5
4235	5
4236	3
4237	5
4238	4
4239	1
4240	4
4241	4
4242	5
4243	1
4244	2
4245	2
4246	2
4247	1
4248	4
4249	4
4250	4
4251	3
4252	3
4253	3
4254	1
4255	4
4256	2
4257	4
4258	4
4259	2
4260	4
4261	4
4262	2
4263	3
4264	4
4265	3
4266	2
4267	2
4268	3
4269	5
4270	4
4271	4
4272	5
4273	5
4274	5
4275	2
4276	4
4277	5
4278	4
4279	4
4280	5
4281	4
4282	4
4283	1
4284	2
4285	2
4286	5
4287	5
4288	5
4289	4
4290	2
4291	3
4292	2
4293	4
4294	2
4295	2
4296	5
4297	3
4298	2
4299	4
4300	3
4301	2
4302	1
4303	4
4304	4
4305	3
4306	5
4307	3
4308	5
4309	3
4310	5
4311	4
4312	1
4313	2
4314	1
4315	2
4316	4
4317	4
4318	2
4319	1
4320	5
4321	1
4322	2
4323	1
4324	2
4325	2
4326	4
4327	4
4328	5
4329	2
4330	1
4331	5
4332	4
4333	2
4334	5
4335	4
4336	3
4337	4
4338	5
4339	4
4340	5
4341	5
4342	5
4343	4
4344	1
4345	1
4346	4
4347	2
4348	3
4349	4
4350	5
4351	5
4352	2
4353	1
4354	2
4355	3
4356	4
4357	3
4358	4
4359	2
4360	5
4361	4
4362	4
4363	2
4364	2
4365	4
4366	4
4367	4
4368	5
4369	2
4370	2
4371	4
4372	1
4373	2
4374	5
4375	4
4376	5
4377	1
4378	2
4379	2
4380	4
4381	3
4382	2
4383	4
4384	2
4385	5
4386	2
4387	5
4388	1
4389	5
4390	5
4391	2
4392	4
4393	2
4394	4
4395	5
4396	5
4397	4
4398	2
4399	2
4400	2
4401	4
4402	5
4403	1
4404	3
4405	2
4406	4
4407	5
4408	3
4409	4
4410	5
4411	5
4412	2
4413	5
4414	5
4415	2
4416	2
4417	5
4418	2
4419	2
4420	5
4421	1
4422	5
4423	4
4424	2
4425	2
4426	4
4427	2
4428	2
4429	4
4430	5
4431	5
4432	5
4433	3
4434	2
4435	2
4436	2
4437	5
4438	1
4439	4
4440	4
4441	2
4442	3
4443	5
4444	5
4445	4
4446	2
4447	2
4448	3
4449	4
4450	2
4451	1
4452	5
4453	3
4454	5
4455	4
4456	2
4457	5
4458	4
4459	4
4460	4
4461	2
4462	5
4463	1
4464	4
4465	2
4466	4
4467	4
4468	5
4469	3
4470	1
4471	2
4472	5
4473	5
4474	2
4475	2
4476	2
4477	5
4478	5
4479	2
4480	4
4481	2
4482	4
4483	5
4484	2
4485	5
4486	4
4487	2
4488	2
4489	5
4490	5
4491	2
4492	5
4493	5
4494	2
4495	2
4496	5
4497	2
4498	4
4499	2
4500	1
4501	5
4502	4
4503	5
4504	1
4505	1
4506	1
4507	2
4508	3
4509	1
4510	1
4511	5
4512	5
4513	1
4514	5
4515	2
4516	1
4517	4
4518	2
4519	5
4520	3
4521	4
4522	4
4523	5
4524	2
4525	1
4526	1
4527	2
4528	4
4529	5
4530	4
4531	5
4532	5
4533	5
4534	2
4535	2
4536	5
4537	5
4538	4
4539	2
4540	1
4541	4
4542	1
4543	1
4544	2
4545	4
4546	4
4547	3
4548	4
4549	1
4550	2
4551	4
4552	4
4553	4
4554	3
4555	5
4556	5
4557	5
4558	4
4559	4
4560	4
4561	1
4562	1
4563	3
4564	3
4565	2
4566	4
4567	4
4568	1
4569	4
4570	5
4571	1
4572	1
4573	5
4574	5
4575	1
4576	4
4577	1
4578	5
4579	2
4580	4
4581	2
4582	5
4583	1
4584	1
4585	4
4586	4
4587	4
4588	5
4589	4
4590	4
4591	2
4592	1
4593	4
4594	5
4595	4
4596	5
4597	1
4598	4
4599	4
4600	5
4601	4
4602	2
4603	1
4604	5
4605	4
4606	5
4607	5
4608	4
4609	4
4610	2
4611	1
4612	4
4613	2
4614	2
4615	2
4616	5
4617	1
4618	4
4619	3
4620	5
4621	5
4622	4
4623	4
4624	4
4625	4
4626	5
4627	1
4628	2
4629	4
4630	2
4631	5
4632	5
4633	2
4634	4
4635	5
4636	3
4637	5
4638	4
4639	5
4640	4
4641	2
4642	4
4643	4
4644	4
4645	5
4646	1
4647	5
4648	2
4649	3
4650	2
4651	5
4652	4
4653	5
4654	5
4655	4
4656	5
4657	5
4658	5
4659	1
4660	4
4661	5
4662	5
4663	3
4664	5
4665	5
4666	2
4667	4
4668	2
4669	1
4670	4
4671	4
4672	2
4673	1
4674	2
4675	2
4676	1
4677	2
4678	5
4679	4
4680	4
4681	5
4682	1
4683	3
4684	4
4685	5
4686	3
4687	4
4688	4
4689	4
4690	5
4691	5
4692	2
4693	2
4694	2
4695	5
4696	4
4697	5
4698	4
4699	2
4700	2
4701	1
4702	5
4703	5
4704	1
4705	2
4706	5
4707	4
4708	2
4709	5
4710	2
4711	3
4712	4
4713	5
4714	5
4715	1
4716	2
4717	4
4718	1
4719	2
4720	4
4721	5
4722	4
4723	5
4724	4
4725	5
4726	4
4727	3
4728	4
4729	1
4730	4
4731	5
4732	5
4733	3
4734	2
4735	2
4736	2
4737	2
4738	2
4739	4
4740	5
4741	3
4742	3
4743	2
4744	2
4745	5
4746	4
4747	2
4748	4
4749	2
4750	3
4751	2
4752	2
4753	2
4754	4
4755	5
4756	5
4757	1
4758	1
4759	4
4760	4
4761	1
4762	1
4763	4
4764	4
4765	2
4766	2
4767	5
4768	5
4769	4
4770	2
4771	2
4772	5
4773	1
4774	2
4775	4
4776	2
4777	1
4778	4
4779	1
4780	5
4781	3
4782	2
4783	4
4784	3
4785	5
4786	2
4787	4
4788	3
4789	5
4790	5
4791	5
4792	2
4793	5
4794	5
4795	4
4796	5
4797	4
4798	4
4799	1
4800	1
4801	5
4802	2
4803	5
4804	3
4805	4
4806	5
4807	4
4808	2
4809	1
4810	5
4811	4
4812	5
4813	4
4814	5
4815	4
4816	3
4817	5
4818	4
4819	1
4820	4
4821	5
4822	4
4823	3
4824	5
4825	5
4826	4
4827	4
4828	3
4829	1
4830	3
4831	1
4832	2
4833	5
4834	4
4835	1
4836	4
4837	1
4838	5
4839	2
4840	1
4841	1
4842	3
4843	5
4844	4
4845	5
4846	5
4847	4
4848	4
4849	2
4850	2
4851	4
4852	3
4853	5
4854	4
4855	5
4856	5
4857	2
4858	2
4859	4
4860	1
4861	4
4862	4
4863	4
4864	2
4865	5
4866	4
4867	4
4868	5
4869	4
4870	5
4871	4
4872	1
4873	5
4874	5
4875	1
4876	4
4877	2
4878	1
4879	3
4880	4
4881	5
4882	4
4883	3
4884	5
4885	4
4886	5
4887	1
4888	2
4889	5
4890	4
4891	2
4892	4
4893	1
4894	2
4895	4
4896	2
4897	2
4898	4
4899	5
4900	5
4901	3
4902	4
4903	4
4904	2
4905	4
4906	2
4907	4
4908	5
4909	5
4910	2
4911	4
4912	5
4913	3
4914	2
4915	5
4916	2
4917	4
4918	5
4919	5
4920	4
4921	4
4922	1
4923	1
4924	1
4925	5
4926	5
4927	5
4928	2
4929	5
4930	5
4931	4
4932	4
4933	1
4934	5
4935	4
4936	4
4937	1
4938	5
4939	3
4940	1
4941	3
4942	2
4943	4
4944	4
4945	4
4946	4
4947	5
4948	2
4949	2
4950	2
4951	1
4952	4
4953	4
4954	4
4955	4
4956	4
4957	4
4958	5
4959	4
4960	4
4961	2
4962	4
4963	4
4964	5
4965	2
4966	5
4967	4
4968	4
4969	4
4970	1
4971	5
4972	4
4973	1
4974	4
4975	5
4976	3
4977	5
4978	3
4979	2
4980	2
4981	2
4982	4
4983	2
4984	2
4985	5
4986	1
4987	2
4988	1
4989	1
4990	5
4991	5
4992	2
4993	4
4994	1
4995	3
4996	3
4997	5
4998	5
4999	5
5000	5
5001	5
5002	3
5003	2
5004	4
5005	2
5006	3
5007	2
5008	2
5009	3
5010	5
5011	1
5012	5
5013	5
5014	3
5015	2
5016	4
5017	1
5018	4
5019	5
5020	2
5021	4
5022	2
5023	3
5024	4
5025	4
5026	4
5027	3
5028	2
5029	4
5030	2
5031	3
5032	4
5033	4
5034	5
5035	5
5036	2
5037	5
5038	5
5039	3
5040	3
5041	4
5042	5
5043	5
5044	3
5045	5
5046	2
5047	3
5048	4
5049	4
5050	5
5051	4
5052	4
5053	2
5054	2
5055	3
5056	1
5057	4
5058	4
5059	5
5060	4
5061	2
5062	1
5063	5
5064	1
5065	5
5066	4
5067	1
5068	4
5069	2
5070	5
5071	4
5072	1
5073	3
5074	4
5075	1
5076	1
5077	2
5078	5
5079	4
5080	1
5081	5
5082	2
5083	4
5084	3
5085	3
5086	4
5087	4
5088	4
5089	1
5090	4
5091	2
5092	2
5093	2
5094	2
5095	4
5096	4
5097	5
5098	5
5099	4
5100	5
5101	4
5102	5
5103	4
5104	4
5105	4
5106	5
5107	2
5108	3
5109	2
5110	4
5111	2
5112	1
5113	4
5114	5
5115	5
5116	3
5117	3
5118	3
5119	3
5120	3
5121	3
5122	1
5123	4
5124	2
5125	4
5126	2
5127	2
5128	5
5129	2
5130	4
5131	3
5132	2
5133	2
5134	2
5135	4
5136	5
5137	5
5138	4
5139	5
5140	5
5141	5
5142	2
5143	5
5144	2
5145	4
5146	1
5147	4
5148	2
5149	2
5150	5
5151	2
5152	2
5153	5
5154	2
5155	4
5156	2
5157	3
5158	1
5159	5
5160	2
5161	5
5162	4
5163	2
5164	2
5165	5
5166	4
5167	5
5168	4
5169	2
5170	4
5171	2
5172	2
5173	5
5174	4
5175	5
5176	5
5177	5
5178	4
5179	4
5180	4
5181	4
5182	4
5183	2
5184	2
5185	5
5186	5
5187	4
5188	5
5189	5
5190	4
5191	4
5192	2
5193	5
5194	4
5195	5
5196	4
5197	1
5198	3
5199	4
5200	4
5201	3
5202	5
5203	3
5204	5
5205	5
5206	4
5207	4
5208	4
5209	1
5210	2
5211	5
5212	5
5213	1
5214	1
5215	4
5216	5
5217	4
5218	1
5219	1
5220	5
5221	4
5222	5
5223	3
5224	5
5225	2
5226	3
5227	4
5228	1
5229	4
5230	4
5231	2
5232	4
5233	1
5234	5
5235	4
5236	4
5237	4
5238	5
5239	5
5240	4
5241	2
5242	5
5243	5
5244	2
5245	4
5246	5
5247	2
5248	5
5249	4
5250	4
5251	4
5252	4
5253	5
5254	4
5255	2
5256	2
5257	3
5258	5
5259	2
5260	5
5261	2
5262	4
5263	5
5264	1
5265	5
5266	5
5267	5
5268	1
5269	1
5270	4
5271	5
5272	2
5273	1
5274	4
5275	5
5276	3
5277	5
5278	2
5279	1
5280	5
5281	2
5282	5
5283	4
5284	4
5285	4
5286	4
5287	1
5288	4
5289	5
5290	5
5291	4
5292	2
5293	1
5294	5
5295	2
5296	4
5297	4
5298	5
5299	2
5300	4
5301	2
5302	3
5303	3
5304	3
5305	5
5306	4
5307	2
5308	4
5309	5
5310	5
5311	1
5312	5
5313	2
5314	1
5315	4
5316	5
5317	4
5318	4
5319	3
5320	5
5321	4
5322	2
5323	1
5324	3
5325	1
5326	3
5327	5
5328	5
5329	5
5330	4
5331	4
5332	3
5333	2
5334	1
5335	2
5336	5
5337	1
5338	2
5339	2
5340	5
5341	2
5342	4
5343	2
5344	4
5345	4
5346	4
5347	4
5348	5
5349	4
5350	5
5351	4
5352	5
5353	4
5354	3
5355	2
5356	4
5357	3
5358	1
5359	3
5360	2
5361	2
5362	1
5363	4
5364	2
5365	2
5366	1
5367	5
5368	5
5369	4
5370	2
5371	1
5372	3
5373	5
5374	5
5375	2
5376	2
5377	5
5378	2
5379	4
5380	1
5381	1
5382	4
5383	2
5384	3
5385	2
5386	5
5387	2
5388	5
5389	4
5390	2
5391	2
5392	3
5393	3
5394	4
5395	5
5396	4
5397	4
5398	4
5399	2
5400	2
5401	2
5402	2
5403	2
5404	5
5405	5
5406	3
5407	3
5408	4
5409	3
5410	2
5411	4
5412	4
5413	2
5414	2
5415	3
5416	4
5417	4
5418	2
5419	2
5420	5
5421	2
5422	5
5423	5
5424	3
5425	2
5426	4
5427	2
5428	5
5429	2
5430	2
5431	5
5432	4
5433	5
5434	4
5435	5
5436	4
5437	4
5438	1
5439	1
5440	2
5441	3
5442	3
5443	3
5444	2
5445	5
5446	3
5447	1
5448	3
5449	4
5450	4
5451	2
5452	5
5453	5
5454	5
5455	2
5456	5
5457	2
5458	2
5459	2
5460	4
5461	4
5462	5
5463	3
5464	5
5465	4
5466	2
5467	2
5468	5
5469	4
5470	2
5471	3
5472	5
5473	2
5474	4
5475	5
5476	3
5477	2
5478	1
5479	3
5480	5
5481	5
5482	2
5483	2
5484	3
5485	2
5486	4
5487	5
5488	5
5489	1
5490	2
5491	2
5492	4
5493	5
5494	1
5495	5
5496	5
5497	2
5498	5
5499	3
5500	5
5501	4
5502	1
5503	4
5504	5
5505	2
5506	4
5507	5
5508	4
5509	4
5510	2
5511	2
5512	5
5513	3
5514	1
5515	4
5516	2
5517	3
5518	1
5519	3
5520	5
5521	5
5522	4
5523	2
5524	4
5525	5
5526	5
5527	4
5528	2
5529	2
5530	4
5531	1
5532	4
5533	3
5534	4
5535	4
5536	1
5537	5
5538	4
5539	4
5540	2
5541	2
5542	2
5543	2
5544	3
5545	4
5546	2
5547	2
5548	4
5549	5
5550	4
5551	1
5552	3
5553	5
5554	2
5555	5
5556	4
5557	4
5558	4
5559	1
5560	2
5561	2
5562	4
5563	1
5564	2
5565	2
5566	2
5567	4
5568	2
5569	4
5570	2
5571	5
5572	2
5573	2
5574	5
5575	4
5576	5
5577	5
5578	4
5579	3
5580	2
5581	3
5582	5
5583	4
5584	2
5585	2
5586	5
5587	2
5588	2
5589	1
5590	4
5591	5
5592	2
5593	3
5594	1
5595	5
5596	5
5597	5
5598	2
5599	5
5600	4
5601	5
5602	1
5603	5
5604	5
5605	2
5606	4
5607	3
5608	3
5609	1
5610	3
5611	4
5612	5
5613	4
5614	5
5615	1
5616	2
5617	5
5618	5
5619	4
5620	4
5621	2
5622	3
5623	3
5624	3
5625	3
5626	4
5627	4
5628	5
5629	4
5630	5
5631	5
5632	2
5633	5
5634	2
5635	4
5636	2
5637	3
5638	2
5639	4
5640	5
5641	2
5642	4
5643	5
5644	5
5645	5
5646	5
5647	2
5648	2
5649	5
5650	2
5651	2
5652	2
5653	3
5654	5
5655	5
5656	5
5657	3
5658	3
5659	1
5660	4
5661	4
5662	5
5663	5
5664	4
5665	5
5666	4
5667	2
5668	2
5669	1
5670	4
5671	3
5672	3
5673	2
5674	4
5675	5
5676	4
5677	2
5678	4
5679	5
5680	2
5681	4
5682	2
5683	5
5684	4
5685	4
5686	4
5687	2
5688	4
5689	3
5690	1
5691	5
5692	2
5693	4
5694	1
5695	4
5696	1
5697	5
5698	4
5699	2
5700	2
5701	4
5702	4
5703	5
5704	5
5705	4
5706	2
5707	5
5708	4
5709	5
5710	4
5711	1
5712	4
5713	4
5714	4
5715	2
5716	1
5717	2
5718	4
5719	5
5720	2
5721	5
5722	2
5723	5
5724	1
5725	2
5726	4
5727	1
5728	3
5729	2
5730	3
5731	3
5732	3
5733	4
5734	1
5735	3
5736	2
5737	4
5738	2
5739	2
5740	5
5741	3
5742	2
5743	4
5744	4
5745	3
5746	3
5747	5
5748	1
5749	1
5750	4
5751	2
5752	4
5753	4
5754	1
5755	2
5756	4
5757	5
5758	1
5759	4
5760	4
5761	3
5762	4
5763	4
5764	4
5765	3
5766	4
5767	2
5768	4
5769	4
5770	2
5771	2
5772	2
5773	4
5774	2
5775	5
5776	5
5777	4
5778	2
5779	5
5780	4
5781	4
5782	1
5783	2
5784	5
5785	5
5786	4
5787	2
5788	5
5789	4
5790	4
5791	5
5792	2
5793	4
5794	3
5795	4
5796	4
5797	2
5798	3
5799	3
5800	5
5801	3
5802	4
5803	2
5804	2
